#n	h	g
0.000000	  33936.000000	      0.000000
0.012350	      0.000000	      0.000000
0.024700	      0.000000	      0.000000
0.037050	      0.000000	      0.000000
0.049400	      0.000000	      0.000000
0.061750	      0.000000	      0.000000
0.074100	      0.000000	      0.000000
0.086450	      0.000000	      0.000000
0.098800	      0.000000	      0.000000
0.111150	      0.000000	      0.000000
0.123500	      0.000000	      0.000000
0.135850	      0.000000	      0.000000
0.148200	      0.000000	      0.000000
0.160550	      0.000000	      0.000000
0.172900	      0.000000	      0.000000
0.185250	      0.000000	      0.000000
0.197600	      0.000000	      0.000000
0.209950	      0.000000	      0.000000
0.222300	      0.000000	      0.000000
0.234650	      0.000000	      0.000000
0.247000	      0.000000	      0.000000
0.259350	      0.000000	      0.000000
0.271700	      0.000000	      0.000000
0.284050	      0.000000	      0.000000
0.296400	      0.000000	      0.000000
0.308750	      0.000000	      0.000000
0.321100	      0.000000	      0.000000
0.333450	      0.000000	      0.000000
0.345800	      0.000000	      0.000000
0.358150	      0.000000	      0.000000
0.370500	      0.000000	      0.000000
0.382850	      0.000000	      0.000000
0.395200	      0.000000	      0.000000
0.407550	      0.000000	      0.000000
0.419900	      0.000000	      0.000000
0.432250	      0.000000	      0.000000
0.444600	      0.000000	      0.000000
0.456950	      0.000000	      0.000000
0.469300	      0.000000	      0.000000
0.481650	      0.000000	      0.000000
0.494000	      0.000000	      0.000000
0.506350	      0.000000	      0.000000
0.518700	      0.000000	      0.000000
0.531050	      0.000000	      0.000000
0.543400	      0.000000	      0.000000
0.555750	      0.000000	      0.000000
0.568100	      0.000000	      0.000000
0.580450	      0.000000	      0.000000
0.592800	      0.000000	      0.000000
0.605150	      0.000000	      0.000000
0.617500	      0.000000	      0.000000
0.629850	      0.000000	      0.000000
0.642200	      0.000000	      0.000000
0.654550	      0.000000	      0.000000
0.666900	      0.000000	      0.000000
0.679250	      0.000000	      0.000000
0.691600	      0.000000	      0.000000
0.703950	      0.000000	      0.000000
0.716300	      0.000000	      0.000000
0.728650	      0.000000	      0.000000
0.741000	      0.000000	      0.000000
0.753350	      0.000000	      0.000000
0.765700	      0.000000	      0.000000
0.778050	      0.000000	      0.000000
0.790400	      0.000000	      0.000000
0.802750	      0.000000	      0.000000
0.815100	      0.000000	      0.000000
0.827450	      0.000000	      0.000000
0.839800	      0.000000	      0.000000
0.852150	      0.000000	      0.000000
0.864500	      0.000000	      0.000000
0.876850	      0.000000	      0.000000
0.889200	      0.000000	      0.000000
0.901550	      0.000000	      0.000000
0.913900	      0.000000	      0.000000
0.926250	      0.000000	      0.000000
0.938600	      0.000000	      0.000000
0.950950	      0.000000	      0.000000
0.963300	      0.000000	      0.000000
0.975650	      0.000000	      0.000000
0.988000	      0.000000	      0.000000
1.000350	      0.000000	      0.000000
1.012700	      0.000000	      0.000000
1.025050	      0.000000	      0.000000
1.037400	      0.000000	      0.000000
1.049750	      0.000000	      0.000000
1.062100	      0.000000	      0.000000
1.074450	      0.000000	      0.000000
1.086800	      0.000000	      0.000000
1.099150	      0.000000	      0.000000
1.111500	      0.000000	      0.000000
1.123850	      0.000000	      0.000000
1.136200	      0.000000	      0.000000
1.148550	      0.000000	      0.000000
1.160900	      0.000000	      0.000000
1.173250	      0.000000	      0.000000
1.185600	      0.000000	      0.000000
1.197950	      0.000000	      0.000000
1.210300	      0.000000	      0.000000
1.222650	      0.000000	      0.000000
1.235000	      0.000000	      0.000000
1.247350	      0.000000	      0.000000
1.259700	      0.000000	      0.000000
1.272050	      0.000000	      0.000000
1.284400	      0.000000	      0.000000
1.296750	      0.000000	      0.000000
1.309100	      0.000000	      0.000000
1.321450	      0.000000	      0.000000
1.333800	      0.000000	      0.000000
1.346150	      0.000000	      0.000000
1.358500	      0.000000	      0.000000
1.370850	      0.000000	      0.000000
1.383200	      0.000000	      0.000000
1.395550	      0.000000	      0.000000
1.407900	      0.000000	      0.000000
1.420250	      0.000000	      0.000000
1.432600	      0.000000	      0.000000
1.444950	      0.000000	      0.000000
1.457300	      0.000000	      0.000000
1.469650	      0.000000	      0.000000
1.482000	      0.000000	      0.000000
1.494350	      0.000000	      0.000000
1.506700	      0.000000	      0.000000
1.519050	      0.000000	      0.000000
1.531400	      0.000000	      0.000000
1.543750	      0.000000	      0.000000
1.556100	      0.000000	      0.000000
1.568450	      0.000000	      0.000000
1.580800	      0.000000	      0.000000
1.593150	      0.000000	      0.000000
1.605500	      0.000000	      0.000000
1.617850	      0.000000	      0.000000
1.630200	      0.000000	      0.000000
1.642550	      0.000000	      0.000000
1.654900	      0.000000	      0.000000
1.667250	      0.000000	      0.000000
1.679600	      0.000000	      0.000000
1.691950	      0.000000	      0.000000
1.704300	      0.000000	      0.000000
1.716650	      0.000000	      0.000000
1.729000	      0.000000	      0.000000
1.741350	      0.000000	      0.000000
1.753700	      0.000000	      0.000000
1.766050	      0.000000	      0.000000
1.778400	      0.000000	      0.000000
1.790750	      0.000000	      0.000000
1.803100	      0.000000	      0.000000
1.815450	      0.000000	      0.000000
1.827800	      0.000000	      0.000000
1.840150	      0.000000	      0.000000
1.852500	      0.000000	      0.000000
1.864850	      0.000000	      0.000000
1.877200	      0.000000	      0.000000
1.889550	      0.000000	      0.000000
1.901900	      0.000000	      0.000000
1.914250	      0.000000	      0.000000
1.926600	      0.000000	      0.000000
1.938950	      0.000000	      0.000000
1.951300	      0.000000	      0.000000
1.963650	      0.000000	      0.000000
1.976000	      0.000000	      0.000000
1.988350	      0.000000	      0.000000
2.000700	      0.000000	      0.000000
2.013050	      0.000000	      0.000000
2.025400	      0.000000	      0.000000
2.037750	      0.000000	      0.000000
2.050100	      0.000000	      0.000000
2.062450	      2.000000	      0.004016
2.074800	      2.000000	      0.003968
2.087150	      4.000000	      0.007843
2.099500	      2.000000	      0.003875
2.111850	      4.000000	      0.007660
2.124200	      2.000000	      0.003786
2.136550	     12.000000	      0.022452
2.148900	     14.000000	      0.025894
2.161250	      4.000000	      0.007314
2.173600	      2.000000	      0.003616
2.185950	     16.000000	      0.028599
2.198300	     14.000000	      0.024744
2.210650	     22.000000	      0.038450
2.223000	     18.000000	      0.031110
2.235350	     44.000000	      0.075209
2.247700	     36.000000	      0.060860
2.260050	     38.000000	      0.063541
2.272400	     62.000000	      0.102549
2.284750	     62.000000	      0.101443
2.297100	     64.000000	      0.103593
2.309450	     72.000000	      0.115299
2.321800	     72.000000	      0.114075
2.334150	     76.000000	      0.119142
2.346500	     76.000000	      0.117891
2.358850	     86.000000	      0.132010
2.371200	     94.000000	      0.142791
2.383550	    138.000000	      0.207462
2.395900	    130.000000	      0.193426
2.408250	    138.000000	      0.203228
2.420600	    142.000000	      0.206991
2.432950	    154.000000	      0.222210
2.445300	    170.000000	      0.242825
2.457650	    224.000000	      0.316750
2.470000	    254.000000	      0.355589
2.482350	    210.000000	      0.291073
2.494700	    226.000000	      0.310156
2.507050	    244.000000	      0.331568
2.519400	    234.000000	      0.314869
2.531750	    250.000000	      0.333125
2.544100	    250.000000	      0.329898
2.556450	    292.000000	      0.381607
2.568800	    372.000000	      0.481494
2.581150	    318.000000	      0.407670
2.593500	    386.000000	      0.490144
2.605850	    348.000000	      0.437713
2.618200	    440.000000	      0.548221
2.630550	    468.000000	      0.577645
2.642900	    474.000000	      0.579596
2.655250	    494.000000	      0.598446
2.667600	    572.000000	      0.686536
2.679950	    612.000000	      0.727791
2.692300	    568.000000	      0.669283
2.704650	    650.000000	      0.758927
2.717000	    674.000000	      0.779811
2.729350	    748.000000	      0.857614
2.741700	    782.000000	      0.888537
2.754050	    876.000000	      0.986436
2.766400	    960.000000	      1.071396
2.778750	    934.000000	      1.033134
2.791100	    996.000000	      1.091986
2.803450	   1146.000000	      1.245396
2.815800	   1216.000000	      1.309901
2.828150	   1194.000000	      1.274994
2.840500	   1288.000000	      1.363436
2.852850	   1342.000000	      1.408326
2.865200	   1474.000000	      1.533544
2.877550	   1456.000000	      1.501842
2.889900	   1636.000000	      1.673117
2.902250	   1654.000000	      1.677160
2.914600	   1838.000000	      1.847975
2.926950	   1876.000000	      1.870298
2.939300	   2042.000000	      2.018722
2.951650	   2074.000000	      2.033235
2.964000	   2076.000000	      2.018271
2.976350	   2290.000000	      2.207883
2.988700	   2290.000000	      2.189674
3.001050	   2366.000000	      2.243762
3.013400	   2444.000000	      2.298774
3.025750	   2534.000000	      2.364009
3.038100	   2582.000000	      2.389245
3.050450	   2652.000000	      2.434189
3.062800	   2590.000000	      2.358148
3.075150	   2770.000000	      2.501818
3.087500	   2786.000000	      2.496179
3.099850	   2878.000000	      2.558103
3.112200	   2788.000000	      2.458478
3.124550	   2726.000000	      2.384841
3.136900	   2734.000000	      2.373044
3.149250	   2788.000000	      2.400972
3.161600	   2832.000000	      2.419847
3.173950	   2694.000000	      2.284052
3.186300	   2734.000000	      2.300031
3.198650	   2678.000000	      2.235557
3.211000	   2506.000000	      2.075912
3.223350	   2500.000000	      2.055103
3.235700	   2516.000000	      2.052498
3.248050	   2494.000000	      2.019108
3.260400	   2310.000000	      1.856004
3.272750	   2268.000000	      1.808531
3.285100	   2190.000000	      1.733227
3.297450	   2194.000000	      1.723411
3.309800	   2236.000000	      1.743319
3.322150	   1990.000000	      1.540009
3.334500	   1848.000000	      1.419545
3.346850	   1978.000000	      1.508212
3.359200	   1696.000000	      1.283697
3.371550	   1602.000000	      1.203682
3.383900	   1504.000000	      1.121815
3.396250	   1374.000000	      1.017410
3.408600	   1322.000000	      0.971825
3.420950	   1386.000000	      1.011529
3.433300	   1260.000000	      0.912968
3.445650	   1224.000000	      0.880537
3.458000	   1178.000000	      0.841403
3.470350	   1112.000000	      0.788618
3.482700	    982.000000	      0.691493
3.495050	   1050.000000	      0.734161
3.507400	    906.000000	      0.629022
3.519750	    930.000000	      0.641162
3.532100	    838.000000	      0.573702
3.544450	    764.000000	      0.519403
3.556800	    778.000000	      0.525254
3.569150	    772.000000	      0.517602
3.581500	    730.000000	      0.486073
3.593850	    732.000000	      0.484061
3.606200	    702.000000	      0.461048
3.618550	    690.000000	      0.450079
3.630900	    664.000000	      0.430178
3.643250	    642.000000	      0.413110
3.655600	    624.000000	      0.398819
3.667950	    660.000000	      0.418992
3.680300	    648.000000	      0.408618
3.692650	    732.000000	      0.458504
3.705000	    722.000000	      0.449231
3.717350	    684.000000	      0.422764
3.729700	    678.000000	      0.416285
3.742050	    612.000000	      0.373285
3.754400	    672.000000	      0.407190
3.766750	    686.000000	      0.412952
3.779100	    688.000000	      0.411453
3.791450	    798.000000	      0.474134
3.803800	    738.000000	      0.435642
3.816150	    762.000000	      0.446902
3.828500	    732.000000	      0.426543
3.840850	    736.000000	      0.426120
3.853200	    734.000000	      0.422242
3.865550	    798.000000	      0.456130
3.877900	    772.000000	      0.438463
3.890250	    804.000000	      0.453743
3.902600	    840.000000	      0.471064
3.914950	    842.000000	      0.469211
3.927300	    886.000000	      0.490630
3.939650	    908.000000	      0.499665
3.952000	    848.000000	      0.463736
3.964350	    968.000000	      0.526066
3.976700	   1030.000000	      0.556289
3.989050	   1038.000000	      0.557143
4.001400	   1030.000000	      0.549442
4.013750	   1056.000000	      0.559850
4.026100	   1050.000000	      0.553259
4.038450	   1130.000000	      0.591776
4.050800	   1042.000000	      0.542369
4.063150	   1244.000000	      0.643581
4.075500	   1200.000000	      0.617061
4.087850	   1222.000000	      0.624583
4.100200	   1210.000000	      0.614729
4.112550	   1244.000000	      0.628213
4.124900	   1274.000000	      0.639516
4.137250	   1306.000000	      0.651671
4.149600	   1290.000000	      0.639861
4.161950	   1370.000000	      0.675516
4.174300	   1458.000000	      0.714659
4.186650	   1424.000000	      0.693881
4.199000	   1482.000000	      0.717902
4.211350	   1588.000000	      0.764745
4.223700	   1544.000000	      0.739213
4.236050	   1628.000000	      0.774891
4.248400	   1638.000000	      0.775125
4.260750	   1716.000000	      0.807335
4.273100	   1736.000000	      0.812030
4.285450	   1684.000000	      0.783173
4.297800	   1848.000000	      0.854512
4.310150	   1740.000000	      0.799969
4.322500	   1748.000000	      0.799061
4.334850	   1888.000000	      0.858148
4.347200	   1946.000000	      0.879493
4.359550	   1932.000000	      0.868225
4.371900	   1874.000000	      0.837409
4.384250	   1930.000000	      0.857581
4.396600	   2062.000000	      0.911094
4.408950	   2046.000000	      0.898967
4.421300	   2194.000000	      0.958617
4.433650	   2164.000000	      0.940249
4.446000	   2180.000000	      0.941946
4.458350	   2304.000000	      0.990017
4.470700	   2216.000000	      0.946950
4.483050	   2278.000000	      0.968089
4.495400	   2342.000000	      0.989826
4.507750	   2434.000000	      1.023080
4.520100	   2508.000000	      1.048431
4.532450	   2390.000000	      0.993666
4.544800	   2338.000000	      0.966771
4.557150	   2476.000000	      1.018293
4.569500	   2684.000000	      1.097877
4.581850	   2396.000000	      0.974796
4.594200	   2512.000000	      1.016502
4.606550	   2738.000000	      1.102022
4.618900	   2642.000000	      1.057704
4.631250	   2918.000000	      1.161977
4.643600	   2776.000000	      1.099559
4.655950	   2804.000000	      1.104765
4.668300	   2862.000000	      1.121659
4.680650	   2998.000000	      1.168767
4.693000	   2884.000000	      1.118414
4.705350	   3024.000000	      1.166558
4.717700	   3062.000000	      1.175041
4.730050	   2944.000000	      1.123867
4.742400	   2990.000000	      1.135490
4.754750	   2902.000000	      1.096354
4.767100	   3122.000000	      1.173365
4.779450	   3222.000000	      1.204698
4.791800	   3134.000000	      1.165763
4.804150	   3248.000000	      1.201964
4.816500	   3234.000000	      1.190654
4.828850	   3112.000000	      1.139884
4.841200	   3322.000000	      1.210604
4.853550	   3372.000000	      1.222580
4.865900	   3476.000000	      1.253897
4.878250	   3404.000000	      1.221715
4.890600	   3404.000000	      1.215553
4.902950	   3434.000000	      1.220096
4.915300	   3464.000000	      1.224578
4.927650	   3568.000000	      1.255029
4.940000	   3650.000000	      1.277461
4.952350	   3458.000000	      1.204234
4.964700	   3520.000000	      1.219734
4.977050	   3534.000000	      1.218516
4.989400	   3692.000000	      1.266700
5.001750	   3756.000000	      1.282302
5.014100	   3476.000000	      1.180871
5.026450	   3792.000000	      1.281900
5.038800	   3784.000000	      1.272933
5.051150	   3746.000000	      1.253995
5.063500	   3782.000000	      1.259878
5.075850	   3662.000000	      1.213974
5.088200	   3896.000000	      1.285284
5.100550	   3858.000000	      1.266592
5.112900	   3894.000000	      1.272243
5.125250	   3878.000000	      1.260916
5.137600	   3860.000000	      1.249037
5.149950	   4148.000000	      1.335800
5.162300	   3958.000000	      1.268522
5.174650	   3868.000000	      1.233767
5.187000	   4078.000000	      1.294563
5.199350	   4002.000000	      1.264409
5.211700	   4088.000000	      1.285466
5.224050	   4002.000000	      1.252481
5.236400	   4050.000000	      1.261531
5.248750	   3932.000000	      1.219019
5.261100	   4296.000000	      1.325622
5.273450	   4030.000000	      1.237724
5.285800	   4090.000000	      1.250289
5.298150	   4052.000000	      1.232905
5.310500	   3940.000000	      1.193257
5.322850	   4174.000000	      1.258266
5.335200	   4196.000000	      1.259049
5.347550	   4172.000000	      1.246072
5.359900	   4030.000000	      1.198120
5.372250	   4188.000000	      1.239375
5.384600	   4020.000000	      1.184207
5.396950	   4010.000000	      1.175861
5.409300	   4128.000000	      1.204942
5.421650	   4210.000000	      1.223285
5.434000	   4124.000000	      1.192856
5.446350	   4228.000000	      1.217398
5.458700	   4438.000000	      1.272089
5.471050	   4240.000000	      1.209854
5.483400	   4316.000000	      1.225999
5.495750	   4200.000000	      1.187692
5.508100	   4274.000000	      1.203205
5.520450	   4212.000000	      1.180451
5.532800	   4090.000000	      1.141148
5.545150	   4252.000000	      1.181069
5.557500	   4346.000000	      1.201820
5.569850	   4162.000000	      1.145839
5.582200	   4188.000000	      1.147901
5.594550	   4214.000000	      1.149934
5.606900	   4058.000000	      1.102491
5.619250	   4216.000000	      1.140388
5.631600	   4144.000000	      1.116001
5.643950	   4306.000000	      1.154559
5.656300	   4092.000000	      1.092394
5.668650	   4184.000000	      1.112093
5.681000	   4114.000000	      1.088738
5.693350	   4180.000000	      1.101410
5.705700	   4044.000000	      1.060967
5.718050	   4212.000000	      1.100274
5.730400	   3976.000000	      1.034154
5.742750	   4004.000000	      1.036962
5.755100	   4006.000000	      1.033032
5.767450	   4052.000000	      1.040424
5.779800	   3902.000000	      0.997632
5.792150	   4026.000000	      1.024950
5.804500	   4006.000000	      1.015523
5.816850	   4020.000000	      1.014750
5.829200	   3872.000000	      0.973254
5.841550	   4006.000000	      1.002682
5.853900	   4062.000000	      1.012413
5.866250	   3864.000000	      0.959013
5.878600	   3750.000000	      0.926813
5.890950	   3890.000000	      0.957387
5.903300	   3806.000000	      0.932798
5.915650	   3872.000000	      0.945016
5.928000	   3768.000000	      0.915805
5.940350	   3764.000000	      0.911033
5.952700	   3816.000000	      0.919791
5.965050	   3934.000000	      0.944310
5.977400	   3764.000000	      0.899774
5.989750	   3728.000000	      0.887497
6.002100	   3842.000000	      0.910876
6.014450	   3792.000000	      0.895334
6.026800	   3740.000000	      0.879441
6.039150	   3718.000000	      0.870696
6.051500	   3774.000000	      0.880206
6.063850	   3712.000000	      0.862223
6.076200	   3782.000000	      0.874915
6.088550	   3802.000000	      0.875977
6.100900	   3576.000000	      0.820575
6.113250	   3790.000000	      0.866171
6.125600	   3724.000000	      0.847659
6.137950	   3842.000000	      0.871002
6.150300	   3776.000000	      0.852605
6.162650	   3566.000000	      0.801964
6.175000	   3792.000000	      0.849382
6.187350	   3692.000000	      0.823685
6.199700	   3676.000000	      0.816851
6.212050	   3734.000000	      0.826443
6.224400	   3912.000000	      0.862407
6.236750	   3852.000000	      0.845820
6.249100	   3786.000000	      0.828046
6.261450	   3738.000000	      0.814326
6.273800	   3772.000000	      0.818500
6.286150	   3940.000000	      0.851599
6.298500	   3712.000000	      0.799176
6.310850	   3726.000000	      0.799053
6.323200	   3978.000000	      0.849766
6.335550	   3886.000000	      0.826880
6.347900	   3814.000000	      0.808405
6.360250	   3862.000000	      0.815403
6.372600	   4042.000000	      0.850103
6.384950	   4014.000000	      0.840952
6.397300	   4044.000000	      0.843969
6.409650	   3908.000000	      0.812446
6.422000	   3820.000000	      0.791100
6.434350	   4062.000000	      0.837991
6.446700	   3910.000000	      0.803545
6.459050	   3896.000000	      0.797609
6.471400	   4132.000000	      0.842699
6.483750	   4170.000000	      0.847212
6.496100	   4270.000000	      0.864233
6.508450	   4090.000000	      0.824663
6.520800	   4328.000000	      0.869349
6.533150	   4306.000000	      0.861663
6.545500	   4336.000000	      0.864395
6.557850	   4410.000000	      0.875839
6.570200	   4204.000000	      0.831791
6.582550	   4434.000000	      0.874009
6.594900	   4432.000000	      0.870346
6.607250	   4580.000000	      0.896051
6.619600	   4614.000000	      0.899337
6.631950	   4424.000000	      0.859095
6.644300	   4476.000000	      0.865965
6.656650	   4672.000000	      0.900534
6.669000	   4628.000000	      0.888752
6.681350	   4808.000000	      0.919908
6.693700	   4896.000000	      0.933292
6.706050	   4954.000000	      0.940873
6.718400	   4786.000000	      0.905627
6.730750	   4670.000000	      0.880437
6.743100	   4846.000000	      0.910275
6.755450	   4964.000000	      0.929034
6.767800	   4892.000000	      0.912221
6.780150	   5232.000000	      0.972070
6.792500	   4972.000000	      0.920408
6.804850	   5298.000000	      0.977200
6.817200	   5098.000000	      0.936907
6.829550	   5046.000000	      0.923999
6.841900	   5130.000000	      0.935993
6.854250	   5268.000000	      0.957711
6.866600	   5200.000000	      0.941951
6.878950	   5452.000000	      0.984057
6.891300	   5420.000000	      0.974778
6.903650	   5408.000000	      0.969143
6.916000	   5488.000000	      0.979970
6.928350	   5538.000000	      0.985376
6.940700	   5686.000000	      1.008112
6.953050	   5442.000000	      0.961427
6.965400	   5768.000000	      1.015411
6.977750	   5602.000000	      0.982700
6.990100	   5916.000000	      1.034118
7.002450	   5730.000000	      0.998075
7.014800	   5816.000000	      1.009491
7.027150	   5918.000000	      1.023588
7.039500	   5942.000000	      1.024136
7.051850	   5924.000000	      1.017460
7.064200	   5938.000000	      1.016302
7.076550	   6230.000000	      1.062560
7.088900	   6070.000000	      1.031667
7.101250	   6076.000000	      1.029098
7.113600	   6308.000000	      1.064686
7.125950	   6228.000000	      1.047542
7.138300	   6174.000000	      1.034870
7.150650	   6132.000000	      1.024282
7.163000	   6328.000000	      1.053380
7.175350	   6290.000000	      1.043453
7.187700	   6430.000000	      1.063016
7.200050	   6464.000000	      1.064974
7.212400	   6426.000000	      1.055090
7.224750	   6470.000000	      1.058686
7.237100	   6542.000000	      1.066817
7.249450	   6532.000000	      1.061560
7.261800	   6608.000000	      1.070262
7.274150	   6394.000000	      1.032088
7.286500	   6812.000000	      1.095835
7.298850	   6654.000000	      1.066799
7.311200	   6746.000000	      1.077898
7.323550	   6940.000000	      1.105159
7.335900	   6820.000000	      1.082396
7.348250	   6892.000000	      1.090149
7.360600	   7018.000000	      1.106358
7.372950	   6900.000000	      1.084114
7.385300	   6818.000000	      1.067651
7.397650	   6904.000000	      1.077511
7.410000	   6808.000000	      1.058990
7.422350	   6950.000000	      1.077483
7.434700	   7248.000000	      1.119953
7.447050	   7220.000000	      1.111929
7.459400	   6992.000000	      1.073253
7.471750	   7160.000000	      1.095411
7.484100	   7392.000000	      1.127175
7.496450	   7158.000000	      1.087900
7.508800	   7218.000000	      1.093413
7.521150	   7096.000000	      1.071405
7.533500	   7020.000000	      1.056458
7.545850	   7090.000000	      1.063502
7.558200	   7464.000000	      1.115947
7.570550	   7310.000000	      1.089359
7.582900	   7270.000000	      1.079872
7.595250	   7392.000000	      1.094426
7.607600	   7332.000000	      1.082021
7.619950	   7362.000000	      1.082929
7.632300	   7300.000000	      1.070337
7.644650	   7248.000000	      1.059282
7.657000	   7408.000000	      1.079176
7.669350	   7416.000000	      1.076865
7.681700	   7284.000000	      1.054299
7.694050	   7450.000000	      1.074867
7.706400	   7334.000000	      1.054742
7.718750	   7346.000000	      1.053090
7.731100	   7564.000000	      1.080880
7.743450	   7496.000000	      1.067749
7.755800	   7434.000000	      1.055548
7.768150	   7572.000000	      1.071727
7.780500	   7532.000000	      1.062683
7.792850	   7544.000000	      1.061005
7.805200	   7524.000000	      1.054847
7.817550	   7720.000000	      1.078908
7.829900	   7740.000000	      1.078294
7.842250	   7384.000000	      1.025460
7.854600	   7478.000000	      1.035252
7.866950	   7702.000000	      1.062917
7.879300	   7318.000000	      1.006759
7.891650	   7538.000000	      1.033782
7.904000	   7694.000000	      1.051882
7.916350	   7426.000000	      1.012077
7.928700	   7442.000000	      1.011100
7.941050	   7720.000000	      1.045611
7.953400	   7844.000000	      1.059109
7.965750	   7892.000000	      1.062288
7.978100	   7816.000000	      1.048804
7.990450	   7580.000000	      1.013994
8.002800	   7778.000000	      1.037272
8.015150	   7676.000000	      1.020517
8.027500	   7660.000000	      1.015259
8.039850	   7626.000000	      1.007650
8.052200	   7592.000000	      1.000082
8.064550	   7828.000000	      1.028014
8.076900	   7786.000000	      1.019374
8.089250	   7576.000000	      0.988854
8.101600	   7596.000000	      0.988444
8.113950	   7660.000000	      0.993740
8.126300	   7684.000000	      0.993826
8.138650	   7738.000000	      0.997775
8.151000	   7658.000000	      0.984469
8.163350	   7698.000000	      0.986619
8.175700	   7636.000000	      0.975719
8.188050	   7754.000000	      0.987810
8.200400	   7620.000000	      0.967817
8.212750	   7516.000000	      0.951740
8.225100	   7956.000000	      1.004433
8.237450	   7954.000000	      1.001172
8.249800	   7648.000000	      0.959775
8.262150	   7896.000000	      0.987938
8.274500	   7704.000000	      0.961040
8.286850	   7812.000000	      0.971610
8.299200	   7680.000000	      0.952352
8.311550	   7838.000000	      0.969058
8.323900	   8000.000000	      0.986154
8.336250	   7780.000000	      0.956196
8.348600	   7710.000000	      0.944791
8.360950	   7584.000000	      0.926607
8.373300	   8052.000000	      0.980887
8.385650	   7906.000000	      0.960267
8.398000	   7920.000000	      0.959140
8.410350	   7772.000000	      0.938455
8.422700	   7920.000000	      0.953523
8.435050	   7654.000000	      0.918802
8.447400	   7838.000000	      0.938140
8.459750	   7864.000000	      0.938506
8.472100	   7970.000000	      0.948385
8.484450	   7788.000000	      0.924032
8.496800	   7770.000000	      0.919219
8.509150	   7826.000000	      0.923158
8.521500	   7928.000000	      0.932481
8.533850	   8000.000000	      0.938228
8.546200	   7802.000000	      0.912365
8.558550	   7950.000000	      0.926991
8.570900	   8110.000000	      0.942924
8.583250	   8146.000000	      0.944386
8.595600	   8282.000000	      0.957396
8.607950	   8232.000000	      0.948887
8.620300	   8160.000000	      0.937894
8.632650	   8184.000000	      0.937963
8.645000	   8094.000000	      0.925000
8.657350	   8396.000000	      0.956778
8.669700	   8130.000000	      0.923828
8.682050	   8302.000000	      0.940690
8.694400	   8398.000000	      0.948867
8.706750	   8554.000000	      0.963753
8.719100	   8504.000000	      0.955407
8.731450	   8462.000000	      0.948001
8.743800	   8792.000000	      0.982191
8.756150	   8664.000000	      0.965163
8.768500	   8488.000000	      0.942895
8.780850	   8538.000000	      0.945783
8.793200	   8756.000000	      0.967209
8.805550	   8698.000000	      0.958109
8.817900	   8700.000000	      0.955647
8.830250	   8958.000000	      0.981236
8.842600	   8848.000000	      0.966482
8.854950	   8756.000000	      0.953767
8.867300	   8848.000000	      0.961105
8.879650	   9196.000000	      0.996130
8.892000	   8956.000000	      0.967439
8.904350	   8974.000000	      0.966697
8.916700	   9146.000000	      0.982498
8.929050	   9122.000000	      0.977211
8.941400	   9048.000000	      0.966607
8.953750	   9144.000000	      0.974170
8.966100	   9334.000000	      0.991675
8.978450	   9200.000000	      0.974751
8.990800	   9290.000000	      0.981584
9.003150	   9346.000000	      0.984794
9.015500	   9286.000000	      0.975793
9.027850	   9418.000000	      0.986958
9.040200	   9544.000000	      0.997431
9.052550	   9400.000000	      0.979703
9.064900	   9842.000000	      1.022977
9.077250	   9600.000000	      0.995110
9.089600	   9622.000000	      0.994682
9.101950	   9546.000000	      0.984150
9.114300	   9702.000000	      0.997524
9.126650	   9872.000000	      1.012257
9.139000	   9906.000000	      1.013000
9.151350	   9876.000000	      1.007208
9.163700	   9994.000000	      1.016497
9.176050	   9848.000000	      0.998953
9.188400	   9944.000000	      1.005981
9.200750	   9848.000000	      0.993597
9.213100	   9866.000000	      0.992746
9.225450	  10296.000000	      1.033242
9.237800	  10104.000000	      1.011265
9.250150	  10092.000000	      1.007368
9.262500	  10514.000000	      1.046695
9.274850	  10302.000000	      1.022860
9.287200	  10086.000000	      0.998753
9.299550	  10312.000000	      1.018422
9.311900	  10500.000000	      1.034240
9.324250	  10460.000000	      1.027572
9.336600	  10642.000000	      1.042688
9.348950	  10558.000000	      1.031726
9.361300	  10408.000000	      1.014387
9.373650	  10840.000000	      1.053708
9.386000	  10624.000000	      1.029996
9.398350	  10868.000000	      1.050884
9.410700	  10910.000000	      1.052179
9.423050	  10866.000000	      1.045190
9.435400	  10882.000000	      1.043991
9.447750	  10966.000000	      1.049301
9.460100	  11216.000000	      1.070422
9.472450	  11028.000000	      1.049737
9.484800	  11036.000000	      1.047765
9.497150	  10672.000000	      1.010573
9.509500	  10758.000000	      1.016073
9.521850	  11232.000000	      1.058091
9.534200	  11220.000000	      1.054224
9.546550	  11224.000000	      1.051873
9.558900	  11468.000000	      1.071965
9.571250	  11478.000000	      1.070132
9.583600	  11296.000000	      1.050451
9.595950	  11266.000000	      1.044966
9.608300	  11230.000000	      1.038951
9.620650	  11224.000000	      1.035732
9.633000	  11610.000000	      1.068606
9.645350	  11584.000000	      1.063484
9.657700	  11536.000000	      1.056371
9.670050	  11478.000000	      1.048377
9.682400	  11290.000000	      1.028576
9.694750	  11670.000000	      1.060489
9.707100	  11816.000000	      1.071026
9.719450	  11450.000000	      1.035215
9.731800	  11756.000000	      1.060185
9.744150	  11596.000000	      1.043107
9.756500	  11742.000000	      1.053568
9.768850	  11788.000000	      1.055023
9.781200	  11708.000000	      1.045218
9.793550	  11846.000000	      1.054873
9.805900	  11498.000000	      1.021306
9.818250	  11906.000000	      1.054888
9.830600	  11930.000000	      1.054360
9.842950	  11758.000000	      1.036553
9.855300	  11812.000000	      1.038705
9.867650	  11964.000000	      1.049440
9.880000	  11870.000000	      1.038593
9.892350	  11748.000000	      1.025353
9.904700	  11966.000000	      1.041777
9.917050	  12002.000000	      1.042311
9.929400	  12068.000000	      1.045437
9.941750	  12050.000000	      1.041286
9.954100	  11954.000000	      1.030428
9.966450	  12068.000000	      1.037679
9.978800	  12280.000000	      1.053296
9.991150	  12226.000000	      1.046073
10.003500	  11934.000000	      1.018569
10.015850	  11978.000000	      1.019805
10.028200	  11768.000000	      0.999460
10.040550	  11976.000000	      1.014625
10.052900	  12286.000000	      1.038332
10.065250	  12036.000000	      1.014709
10.077600	  12134.000000	      1.020465
10.089950	  12044.000000	      1.010419
10.102300	  12376.000000	      1.035734
10.114650	  12306.000000	      1.027363
10.127000	  12166.000000	      1.013199
10.139350	  12174.000000	      1.011397
10.151700	  12280.000000	      1.017723
10.164050	  12428.000000	      1.027487
10.176400	  12164.000000	      1.003221
10.188750	  12390.000000	      1.019385
10.201100	  12182.000000	      0.999846
10.213450	  12058.000000	      0.987277
10.225800	  12196.000000	      0.996165
10.238150	  12354.000000	      1.006638
10.250500	  12242.000000	      0.995109
10.262850	  12272.000000	      0.995149
10.275200	  12442.000000	      1.006510
10.287550	  12484.000000	      1.007485
10.299900	  12524.000000	      1.008290
10.312250	  12410.000000	      0.996721
10.324600	  12422.000000	      0.995299
10.336950	  12476.000000	      0.997239
10.349300	  12394.000000	      0.988321
10.361650	  12632.000000	      1.004900
10.374000	  12380.000000	      0.982509
10.386350	  12580.000000	      0.996009
10.398700	  12542.000000	      0.990643
10.411050	  12790.000000	      1.007836
10.423400	  12744.000000	      1.001833
10.435750	  12718.000000	      0.997425
10.448100	  12518.000000	      0.979420
10.460450	  12398.000000	      0.967742
10.472800	  12302.000000	      0.957985
10.485150	  12490.000000	      0.970335
10.497500	  12998.000000	      1.007427
10.509850	  12626.000000	      0.976296
10.522200	  12428.000000	      0.958731
10.534550	  12812.000000	      0.986038
10.546900	  12802.000000	      0.982962
10.559250	  12976.000000	      0.993993
10.571600	  12690.000000	      0.969815
10.583950	  12510.000000	      0.953829
10.596300	  12586.000000	      0.957388
10.608650	  12602.000000	      0.956374
10.621000	  13134.000000	      0.994431
10.633350	  12456.000000	      0.940908
10.645700	  12798.000000	      0.964500
10.658050	  12950.000000	      0.973695
10.670400	  13018.000000	      0.976543
10.682750	  13052.000000	      0.976831
10.695100	  13162.000000	      0.982790
10.707450	  13232.000000	      0.985739
10.719800	  12856.000000	      0.955523
10.732150	  13068.000000	      0.969046
10.744500	  12926.000000	      0.956314
10.756850	  13244.000000	      0.977592
10.769200	  13148.000000	      0.968281
10.781550	  12970.000000	      0.952985
10.793900	  13086.000000	      0.959309
10.806250	  13434.000000	      0.982571
10.818600	  13314.000000	      0.971572
10.830950	  13216.000000	      0.962223
10.843300	  13190.000000	      0.958143
10.855650	  13302.000000	      0.964082
10.868000	  13226.000000	      0.956396
10.880350	  13452.000000	      0.970532
10.892700	  13556.000000	      0.975819
10.905050	  13354.000000	      0.959102
10.917400	  13826.000000	      0.990756
10.929750	  13558.000000	      0.969357
10.942100	  13334.000000	      0.951191
10.954450	  13428.000000	      0.955738
10.966800	  13442.000000	      0.954581
10.979150	  13630.000000	      0.965755
10.991500	  13902.000000	      0.982815
11.003850	  13816.000000	      0.974544
11.016200	  13812.000000	      0.972079
11.028550	  13894.000000	      0.975661
11.040900	  13744.000000	      0.962970
11.053250	  13886.000000	      0.970746
11.065600	  13768.000000	      0.960350
11.077950	  13894.000000	      0.966979
11.090300	  13854.000000	      0.962049
11.102650	  14048.000000	      0.973352
11.115000	  14226.000000	      0.983496
11.127350	  14230.000000	      0.981590
11.139700	  14488.000000	      0.997172
11.152050	  14066.000000	      0.965984
11.164400	  14190.000000	      0.972345
11.176750	  14136.000000	      0.966505
11.189100	  14362.000000	      0.979790
11.201450	  15066.000000	      1.025553
11.213800	  14378.000000	      0.976566
11.226150	  14294.000000	      0.968725
11.238500	  14426.000000	      0.975524
11.250850	  14528.000000	      0.980266
11.263200	  14322.000000	      0.964248
11.275550	  14770.000000	      0.992233
11.287900	  14672.000000	      0.983494
11.300250	  14780.000000	      0.988569
11.312600	  14756.000000	      0.984810
11.324950	  14870.000000	      0.990255
11.337300	  14802.000000	      0.983580
11.349650	  14980.000000	      0.993243
11.362000	  15320.000000	      1.013579
11.374350	  15038.000000	      0.992763
11.386700	  15070.000000	      0.992718
11.399050	  15372.000000	      1.010419
11.411400	  15024.000000	      0.985408
11.423750	  15392.000000	      1.007364
11.436100	  15434.000000	      1.007932
11.448450	  15288.000000	      0.996244
11.460800	  15340.000000	      0.997480
11.473150	  15524.000000	      1.007272
11.485500	  15520.000000	      1.004848
11.497850	  15818.000000	      1.021943
11.510200	  15626.000000	      1.007374
11.522550	  15678.000000	      1.008561
11.534900	  15974.000000	      1.025403
11.547250	  15630.000000	      1.001176
11.559600	  15820.000000	      1.011182
11.571950	  15268.000000	      0.973818
11.584300	  16118.000000	      1.025841
11.596650	  16260.000000	      1.032676
11.609000	  15948.000000	      1.010707
11.621350	  15898.000000	      1.005398
11.633700	  15828.000000	      0.998847
11.646050	  15912.000000	      1.002019
11.658400	  15938.000000	      1.001531
11.670750	  16178.000000	      1.014462
11.683100	  16122.000000	      1.008814
11.695450	  16270.000000	      1.015926
11.707800	  16316.000000	      1.016651
11.720150	  16704.000000	      1.038634
11.732500	  16378.000000	      1.016221
11.744850	  16546.000000	      1.024487
11.757200	  16396.000000	      1.013068
11.769550	  16280.000000	      1.003791
11.781900	  16324.000000	      1.004395
11.794250	  16736.000000	      1.027589
11.806600	  16632.000000	      1.019068
11.818950	  16418.000000	      1.003855
11.831300	  16762.000000	      1.022750
11.843650	  16764.000000	      1.020740
11.856000	  17010.000000	      1.033562
11.868350	  16562.000000	      1.004247
11.880700	  17126.000000	      1.036288
11.893050	  16770.000000	      1.012640
11.905400	  17000.000000	      1.024400
11.917750	  17316.000000	      1.041280
11.930100	  16908.000000	      1.014642
11.942450	  16734.000000	      1.002124
11.954800	  17342.000000	      1.036390
11.967150	  17100.000000	      1.019819
11.979500	  17026.000000	      1.013314
11.991850	  16984.000000	      1.008733
12.004200	  17210.000000	      1.020054
12.016550	  17184.000000	      1.016420
12.028900	  17252.000000	      1.018348
12.041250	  17520.000000	      1.032047
12.053600	  16924.000000	      0.994897
12.065950	  17376.000000	      1.019378
12.078300	  17634.000000	      1.032400
12.090650	  17454.000000	      1.019775
12.103000	  17768.000000	      1.036003
12.115350	  17644.000000	      1.026677
12.127700	  17340.000000	      1.006933
12.140050	  17530.000000	      1.015897
12.152400	  17904.000000	      1.035463
12.164750	  17816.000000	      1.028282
12.177100	  17724.000000	      1.020899
12.189450	  17786.000000	      1.022395
12.201800	  17590.000000	      1.009082
12.214150	  17720.000000	      1.014485
12.226500	  17882.000000	      1.021693
12.238850	  18020.000000	      1.027501
12.251200	  18072.000000	      1.028389
12.263550	  17662.000000	      1.003035
12.275900	  18038.000000	      1.022328
12.288250	  18026.000000	      1.019595
12.300600	  17746.000000	      1.001743
12.312950	  17788.000000	      1.002101
12.325300	  17894.000000	      1.006053
12.337650	  17986.000000	      1.009202
