649 1024
651 2048
653 2048
655 512
657 512
659 2048
661 2048
663 1024
665 1024
667 2048
669 2048
671 256
673 256
675 2048
677 2048
679 1024
681 1024
683 2048
685 2048
687 512
689 512
691 2048
693 2048
695 1024
697 1024
699 2048
701 2048
703 128
705 128
707 2048
709 2048
711 1024
713 1024
715 2048
717 2048
719 512
721 512
723 2048
725 2048
727 1024
729 1024
731 2048
733 2048
735 256
737 256
739 2048
741 2048
743 1024
745 1024
747 2048
749 2048
751 512
753 512
755 2048
757 2048
759 1024
761 1024
763 2048
765 2048
767 32
769 32
771 2048
773 2048
775 1024
777 1024
779 2048
781 2048
783 512
785 512
787 2048
789 2048
791 1024
793 1024
795 2048
797 2048
799 256
801 256
803 2048
805 2048
807 1024
809 1024
811 2048
813 2048
815 512
817 512
819 2048
821 2048
823 1024
825 1024
827 2048
829 2048
831 128
833 128
835 2048
837 2048
839 1024
841 1024
843 2048
845 2048
847 512
849 512
851 2048
853 2048
855 1024
857 1024
859 2048
861 2048
863 256
865 256
867 2048
869 2048
871 1024
873 1024
875 2048
877 2048
879 512
881 512
883 2048
885 2048
887 1024
889 1024
891 2048
893 2048
895 64
897 64
899 2048
901 2048
903 1024
905 1024
907 2048
909 2048
911 512
913 512
915 2048
917 2048
919 1024
921 1024
923 2048
925 2048
927 256
929 256
931 2048
933 2048
935 1024
937 1024
939 2048
941 2048
943 512
945 512
947 2048
949 2048
951 1024
953 1024
955 2048
957 2048
959 128
961 128
963 2048
965 2048
967 1024
969 1024
971 2048
973 2048
975 512
977 512
979 2048
981 2048
983 1024
985 1024
987 2048
989 2048
991 256
993 256
995 2048
997 2048
999 1024
1001 1024
1003 2048
1005 2048
1007 512
1009 512
1011 2048
1013 2048
1015 1024
1017 1024
1019 2048
1021 2048
1023 8
1025 8
1027 2048
1029 2048
1031 1024
1033 1024
1035 2048
1037 2048
1039 512
1041 512
1043 2048
1045 2048
1047 1024
1049 1024
1051 2048
1053 2048
1055 256
1057 256
1059 2048
1061 2048
1063 1024
1065 1024
1067 2048
1069 2048
1071 512
1073 512
1075 2048
1077 2048
1079 1024
1081 1024
1083 2048
1085 2048
1087 128
1089 128
1091 2048
1093 2048
1095 1024
1097 1024
1099 2048
1101 2048
1103 512
1105 512
1107 2048
1109 2048
1111 1024
1113 1024
1115 2048
1117 2048
1119 256
1121 256
1123 2048
1125 2048
1127 1024
1129 1024
1131 2048
1133 2048
1135 512
1137 512
1139 2048
1141 2048
1143 1024
1145 1024
1147 2048
1149 2048
