#n	h	g
0.000000	  67872.000000	      0.000000
0.012350	      0.000000	      0.000000
0.024700	      0.000000	      0.000000
0.037050	      0.000000	      0.000000
0.049400	      0.000000	      0.000000
0.061750	      0.000000	      0.000000
0.074100	      0.000000	      0.000000
0.086450	      0.000000	      0.000000
0.098800	      0.000000	      0.000000
0.111150	      0.000000	      0.000000
0.123500	      0.000000	      0.000000
0.135850	      0.000000	      0.000000
0.148200	      0.000000	      0.000000
0.160550	      0.000000	      0.000000
0.172900	      0.000000	      0.000000
0.185250	      0.000000	      0.000000
0.197600	      0.000000	      0.000000
0.209950	      0.000000	      0.000000
0.222300	      0.000000	      0.000000
0.234650	      0.000000	      0.000000
0.247000	      0.000000	      0.000000
0.259350	      0.000000	      0.000000
0.271700	      0.000000	      0.000000
0.284050	      0.000000	      0.000000
0.296400	      0.000000	      0.000000
0.308750	      0.000000	      0.000000
0.321100	      0.000000	      0.000000
0.333450	      0.000000	      0.000000
0.345800	      0.000000	      0.000000
0.358150	      0.000000	      0.000000
0.370500	      0.000000	      0.000000
0.382850	      0.000000	      0.000000
0.395200	      0.000000	      0.000000
0.407550	      0.000000	      0.000000
0.419900	      0.000000	      0.000000
0.432250	      0.000000	      0.000000
0.444600	      0.000000	      0.000000
0.456950	      0.000000	      0.000000
0.469300	      0.000000	      0.000000
0.481650	      0.000000	      0.000000
0.494000	      0.000000	      0.000000
0.506350	      0.000000	      0.000000
0.518700	      0.000000	      0.000000
0.531050	      0.000000	      0.000000
0.543400	      0.000000	      0.000000
0.555750	      0.000000	      0.000000
0.568100	      0.000000	      0.000000
0.580450	      0.000000	      0.000000
0.592800	      0.000000	      0.000000
0.605150	      0.000000	      0.000000
0.617500	      0.000000	      0.000000
0.629850	      0.000000	      0.000000
0.642200	      0.000000	      0.000000
0.654550	      0.000000	      0.000000
0.666900	      0.000000	      0.000000
0.679250	      0.000000	      0.000000
0.691600	      0.000000	      0.000000
0.703950	      0.000000	      0.000000
0.716300	      0.000000	      0.000000
0.728650	      0.000000	      0.000000
0.741000	      0.000000	      0.000000
0.753350	      0.000000	      0.000000
0.765700	      0.000000	      0.000000
0.778050	      0.000000	      0.000000
0.790400	      0.000000	      0.000000
0.802750	      0.000000	      0.000000
0.815100	      0.000000	      0.000000
0.827450	      0.000000	      0.000000
0.839800	      0.000000	      0.000000
0.852150	      0.000000	      0.000000
0.864500	      0.000000	      0.000000
0.876850	      0.000000	      0.000000
0.889200	      0.000000	      0.000000
0.901550	      0.000000	      0.000000
0.913900	      0.000000	      0.000000
0.926250	      0.000000	      0.000000
0.938600	      0.000000	      0.000000
0.950950	      0.000000	      0.000000
0.963300	      0.000000	      0.000000
0.975650	      0.000000	      0.000000
0.988000	      0.000000	      0.000000
1.000350	      0.000000	      0.000000
1.012700	      0.000000	      0.000000
1.025050	      0.000000	      0.000000
1.037400	      0.000000	      0.000000
1.049750	      0.000000	      0.000000
1.062100	      0.000000	      0.000000
1.074450	      0.000000	      0.000000
1.086800	      0.000000	      0.000000
1.099150	      0.000000	      0.000000
1.111500	      0.000000	      0.000000
1.123850	      0.000000	      0.000000
1.136200	      0.000000	      0.000000
1.148550	      0.000000	      0.000000
1.160900	      0.000000	      0.000000
1.173250	      0.000000	      0.000000
1.185600	      0.000000	      0.000000
1.197950	      0.000000	      0.000000
1.210300	      0.000000	      0.000000
1.222650	      0.000000	      0.000000
1.235000	      0.000000	      0.000000
1.247350	      0.000000	      0.000000
1.259700	      0.000000	      0.000000
1.272050	      0.000000	      0.000000
1.284400	      0.000000	      0.000000
1.296750	      0.000000	      0.000000
1.309100	      0.000000	      0.000000
1.321450	      0.000000	      0.000000
1.333800	      0.000000	      0.000000
1.346150	      0.000000	      0.000000
1.358500	      0.000000	      0.000000
1.370850	      0.000000	      0.000000
1.383200	      0.000000	      0.000000
1.395550	      0.000000	      0.000000
1.407900	      0.000000	      0.000000
1.420250	      0.000000	      0.000000
1.432600	      0.000000	      0.000000
1.444950	      0.000000	      0.000000
1.457300	      0.000000	      0.000000
1.469650	      0.000000	      0.000000
1.482000	      0.000000	      0.000000
1.494350	      0.000000	      0.000000
1.506700	      0.000000	      0.000000
1.519050	      0.000000	      0.000000
1.531400	      0.000000	      0.000000
1.543750	      0.000000	      0.000000
1.556100	      0.000000	      0.000000
1.568450	      0.000000	      0.000000
1.580800	      0.000000	      0.000000
1.593150	      0.000000	      0.000000
1.605500	      0.000000	      0.000000
1.617850	      0.000000	      0.000000
1.630200	      0.000000	      0.000000
1.642550	      0.000000	      0.000000
1.654900	      0.000000	      0.000000
1.667250	      0.000000	      0.000000
1.679600	      0.000000	      0.000000
1.691950	      0.000000	      0.000000
1.704300	      0.000000	      0.000000
1.716650	      0.000000	      0.000000
1.729000	      0.000000	      0.000000
1.741350	      0.000000	      0.000000
1.753700	      0.000000	      0.000000
1.766050	      0.000000	      0.000000
1.778400	      0.000000	      0.000000
1.790750	      0.000000	      0.000000
1.803100	      0.000000	      0.000000
1.815450	      0.000000	      0.000000
1.827800	      0.000000	      0.000000
1.840150	      0.000000	      0.000000
1.852500	      0.000000	      0.000000
1.864850	      0.000000	      0.000000
1.877200	      0.000000	      0.000000
1.889550	      0.000000	      0.000000
1.901900	      0.000000	      0.000000
1.914250	      0.000000	      0.000000
1.926600	      0.000000	      0.000000
1.938950	      0.000000	      0.000000
1.951300	      0.000000	      0.000000
1.963650	      0.000000	      0.000000
1.976000	      0.000000	      0.000000
1.988350	      0.000000	      0.000000
2.000700	      0.000000	      0.000000
2.013050	      0.000000	      0.000000
2.025400	      0.000000	      0.000000
2.037750	      0.000000	      0.000000
2.050100	      0.000000	      0.000000
2.062450	      0.000000	      0.000000
2.074800	      0.000000	      0.000000
2.087150	      0.000000	      0.000000
2.099500	      0.000000	      0.000000
2.111850	      0.000000	      0.000000
2.124200	      0.000000	      0.000000
2.136550	      0.000000	      0.000000
2.148900	      0.000000	      0.000000
2.161250	      0.000000	      0.000000
2.173600	      0.000000	      0.000000
2.185950	      0.000000	      0.000000
2.198300	      0.000000	      0.000000
2.210650	      2.000000	      0.000873
2.223000	      6.000000	      0.002589
2.235350	     12.000000	      0.005120
2.247700	     10.000000	      0.004220
2.260050	      8.000000	      0.003339
2.272400	     16.000000	      0.006606
2.284750	     22.000000	      0.008986
2.297100	     22.000000	      0.008889
2.309450	     32.000000	      0.012792
2.321800	     28.000000	      0.011074
2.334150	     12.000000	      0.004696
2.346500	     22.000000	      0.008519
2.358850	     30.000000	      0.011495
2.371200	     36.000000	      0.013651
2.383550	     80.000000	      0.030022
2.395900	    110.000000	      0.040856
2.408250	    206.000000	      0.075729
2.420600	    408.000000	      0.148462
2.432950	    646.000000	      0.232684
2.445300	   1016.000000	      0.362268
2.457650	   1584.000000	      0.559134
2.470000	   2294.000000	      0.801679
2.482350	   3292.000000	      1.139029
2.494700	   4488.000000	      1.537507
2.507050	   6038.000000	      2.048179
2.519400	   7828.000000	      2.629405
2.531750	   9612.000000	      3.197223
2.544100	  11620.000000	      3.827707
2.556450	  13654.000000	      4.454369
2.568800	  15328.000000	      4.952515
2.581150	  17660.000000	      5.651517
2.593500	  19164.000000	      6.074556
2.605850	  20740.000000	      6.511946
2.618200	  21688.000000	      6.745509
2.630550	  22152.000000	      6.825284
2.642900	  22198.000000	      6.775686
2.655250	  22212.000000	      6.717036
2.667600	  21308.000000	      6.384136
2.679950	  20320.000000	      6.032137
2.692300	  19338.000000	      5.688078
2.704650	  17394.000000	      5.069653
2.717000	  15878.000000	      4.585824
2.729350	  14286.000000	      4.088774
2.741700	  12326.000000	      3.496094
2.754050	  10730.000000	      3.016178
2.766400	   9540.000000	      2.657782
2.778750	   8010.000000	      2.211742
2.791100	   6656.000000	      1.821643
2.803450	   5520.000000	      1.497457
2.815800	   4804.000000	      1.291815
2.828150	   4034.000000	      1.075306
2.840500	   3266.000000	      0.863033
2.852850	   2814.000000	      0.737169
2.865200	   2224.000000	      0.577598
2.877550	   1956.000000	      0.503644
2.889900	   1706.000000	      0.435526
2.902250	   1472.000000	      0.372597
2.914600	   1354.000000	      0.339830
2.926950	   1118.000000	      0.278235
2.939300	   1168.000000	      0.288241
2.951650	   1038.000000	      0.254020
2.964000	   1056.000000	      0.256276
2.976350	   1008.000000	      0.242601
2.988700	   1106.000000	      0.263992
3.001050	   1036.000000	      0.245253
3.013400	   1092.000000	      0.256395
3.025750	   1160.000000	      0.270142
3.038100	   1212.000000	      0.279962
3.050450	   1456.000000	      0.333606
3.062800	   1376.000000	      0.312739
3.075150	   1376.000000	      0.310232
3.087500	   1520.000000	      0.339962
3.099850	   1610.000000	      0.357228
3.112200	   1604.000000	      0.353078
3.124550	   1780.000000	      0.388728
3.136900	   1768.000000	      0.383073
3.149250	   1838.000000	      0.395123
3.161600	   1908.000000	      0.406973
3.173950	   2002.000000	      0.423706
3.186300	   2132.000000	      0.447729
3.198650	   2028.000000	      0.422606
3.211000	   2346.000000	      0.485119
3.223350	   2278.000000	      0.467455
3.235700	   2444.000000	      0.497698
3.248050	   2348.000000	      0.474519
3.260400	   2396.000000	      0.480558
3.272750	   2364.000000	      0.470568
3.285100	   2436.000000	      0.481261
3.297450	   2568.000000	      0.503546
3.309800	   2738.000000	      0.532882
3.322150	   2560.000000	      0.494541
3.334500	   2892.000000	      0.554546
3.346850	   2800.000000	      0.532950
3.359200	   2796.000000	      0.528283
3.371550	   2840.000000	      0.532672
3.383900	   3072.000000	      0.571988
3.396250	   2962.000000	      0.547503
3.408600	   3058.000000	      0.561159
3.420950	   2954.000000	      0.538168
3.433300	   3168.000000	      0.573010
3.445650	   3170.000000	      0.569269
3.458000	   3030.000000	      0.540248
3.470350	   3258.000000	      0.576774
3.482700	   3140.000000	      0.551948
3.495050	   3250.000000	      0.567254
3.507400	   3378.000000	      0.585450
3.519750	   3180.000000	      0.547273
3.532100	   3442.000000	      0.588228
3.544450	   3436.000000	      0.583118
3.556800	   3388.000000	      0.570986
3.569150	   3438.000000	      0.575410
3.581500	   3520.000000	      0.585078
3.593850	   3596.000000	      0.593609
3.606200	   3522.000000	      0.577418
3.618550	   3546.000000	      0.577392
3.630900	   3714.000000	      0.600640
3.643250	   3828.000000	      0.614886
3.655600	   3920.000000	      0.625417
3.667950	   3774.000000	      0.598075
3.680300	   3828.000000	      0.602568
3.692650	   3844.000000	      0.601046
3.705000	   3888.000000	      0.603880
3.717350	   3928.000000	      0.606046
3.729700	   3956.000000	      0.606330
3.742050	   4104.000000	      0.624869
3.754400	   4074.000000	      0.616227
3.766750	   3900.000000	      0.586046
3.779100	   4118.000000	      0.614767
3.791450	   4140.000000	      0.614031
3.803800	   4076.000000	      0.600620
3.816150	   4220.000000	      0.617821
3.828500	   4356.000000	      0.633624
3.840850	   4468.000000	      0.645742
3.853200	   4392.000000	      0.630696
3.865550	   4400.000000	      0.627814
3.877900	   4500.000000	      0.637999
3.890250	   4538.000000	      0.639308
3.902600	   4806.000000	      0.672785
3.914950	   4612.000000	      0.641561
3.927300	   4560.000000	      0.630344
3.939650	   4804.000000	      0.659916
3.952000	   4818.000000	      0.657709
3.964350	   4696.000000	      0.637067
3.976700	   4798.000000	      0.646868
3.989050	   4786.000000	      0.641261
4.001400	   5046.000000	      0.671930
4.013750	   5034.000000	      0.666214
4.026100	   5014.000000	      0.659502
4.038450	   5086.000000	      0.664887
4.050800	   5192.000000	      0.674612
4.063150	   5288.000000	      0.682915
4.075500	   5232.000000	      0.671594
4.087850	   5572.000000	      0.710922
4.100200	   5632.000000	      0.714255
4.112550	   5562.000000	      0.701148
4.124900	   5632.000000	      0.705727
4.137250	   5904.000000	      0.735400
4.149600	   5936.000000	      0.734991
4.161950	   5950.000000	      0.732359
4.174300	   5980.000000	      0.731703
4.186650	   6146.000000	      0.747584
4.199000	   6130.000000	      0.741258
4.211350	   6176.000000	      0.742447
4.223700	   6468.000000	      0.773009
4.236050	   6350.000000	      0.754488
4.248400	   6710.000000	      0.792634
4.260750	   6672.000000	      0.783583
4.273100	   7042.000000	      0.822263
4.285450	   6944.000000	      0.806153
4.297800	   6934.000000	      0.800373
4.310150	   7030.000000	      0.806810
4.322500	   7064.000000	      0.806086
4.334850	   7424.000000	      0.842346
4.347200	   7530.000000	      0.849526
4.359550	   7622.000000	      0.855040
4.371900	   7658.000000	      0.854232
4.384250	   8064.000000	      0.894460
4.396600	   7922.000000	      0.873779
4.408950	   8118.000000	      0.890389
4.421300	   8498.000000	      0.926867
4.433650	   8362.000000	      0.906960
4.446000	   8492.000000	      0.915950
4.458350	   8774.000000	      0.941131
4.470700	   8940.000000	      0.953646
4.483050	   8850.000000	      0.938852
4.495400	   8970.000000	      0.946361
4.507750	   9326.000000	      0.978536
4.520100	   9428.000000	      0.983840
4.532450	   9560.000000	      0.992185
4.544800	   9806.000000	      1.012193
4.557150	   9906.000000	      1.016980
4.569500	  10176.000000	      1.039060
4.581850	  10454.000000	      1.061700
4.594200	  10592.000000	      1.069939
4.606550	  11214.000000	      1.126704
4.618900	  11148.000000	      1.114091
4.631250	  11556.000000	      1.148714
4.643600	  11698.000000	      1.156652
4.655950	  11854.000000	      1.165867
4.668300	  12106.000000	      1.184361
4.680650	  12434.000000	      1.210039
4.693000	  12800.000000	      1.239110
4.705350	  13106.000000	      1.262081
4.717700	  13336.000000	      1.277514
4.730050	  13518.000000	      1.288196
4.742400	  13706.000000	      1.299317
4.754750	  14298.000000	      1.348406
4.767100	  14410.000000	      1.351937
4.779450	  14906.000000	      1.391253
4.791800	  15296.000000	      1.420304
4.804150	  15802.000000	      1.459754
4.816500	  15704.000000	      1.443272
4.828850	  16124.000000	      1.474301
4.841200	  16678.000000	      1.517186
4.853550	  16456.000000	      1.489382
4.865900	  17260.000000	      1.554230
4.878250	  17352.000000	      1.554613
4.890600	  17628.000000	      1.571374
4.902950	  17954.000000	      1.592382
4.915300	  18204.000000	      1.606452
4.927650	  18712.000000	      1.643014
4.940000	  18786.000000	      1.641275
4.952350	  19194.000000	      1.668567
4.964700	  18998.000000	      1.643322
4.977050	  19080.000000	      1.642235
4.989400	  19242.000000	      1.647990
5.001750	  19402.000000	      1.653497
5.014100	  19970.000000	      1.693530
5.026450	  19414.000000	      1.638299
5.038800	  19804.000000	      1.663028
5.051150	  19644.000000	      1.641535
5.063500	  19928.000000	      1.657154
5.075850	  20034.000000	      1.657872
5.088200	  19862.000000	      1.635669
5.100550	  20176.000000	      1.653491
5.112900	  20130.000000	      1.641761
5.125250	  19736.000000	      1.601880
5.137600	  19938.000000	      1.610504
5.149950	  19526.000000	      1.569669
5.162300	  19490.000000	      1.559288
5.174650	  19974.000000	      1.590391
5.187000	  19802.000000	      1.569197
5.199350	  19256.000000	      1.518689
5.211700	  18508.000000	      1.452786
5.224050	  18698.000000	      1.460768
5.236400	  18510.000000	      1.439268
5.248750	  17934.000000	      1.387926
5.261100	  17916.000000	      1.380031
5.273450	  17162.000000	      1.315767
5.285800	  17102.000000	      1.305048
5.298150	  16932.000000	      1.286058
5.310500	  16454.000000	      1.243946
5.322850	  15910.000000	      1.197244
5.335200	  15382.000000	      1.152159
5.347550	  15018.000000	      1.119704
5.359900	  15258.000000	      1.132362
5.372250	  14698.000000	      1.085792
5.384600	  14190.000000	      1.043461
5.396950	  13906.000000	      1.017903
5.409300	  13446.000000	      0.979742
5.421650	  13112.000000	      0.951058
5.434000	  12682.000000	      0.915692
5.446350	  12596.000000	      0.905362
5.458700	  12470.000000	      0.892255
5.471050	  12138.000000	      0.864583
5.483400	  12070.000000	      0.855871
5.495750	  11866.000000	      0.837628
5.508100	  11840.000000	      0.832049
5.520450	  11766.000000	      0.823153
5.532800	  11470.000000	      0.798867
5.545150	  11964.000000	      0.829565
5.557500	  11488.000000	      0.793024
5.569850	  11298.000000	      0.776453
5.582200	  11170.000000	      0.764264
5.594550	  11550.000000	      0.786779
5.606900	  11392.000000	      0.772601
5.619250	  11134.000000	      0.751788
5.631600	  11466.000000	      0.770813
5.643950	  11148.000000	      0.746159
5.656300	  11588.000000	      0.772226
5.668650	  11426.000000	      0.758116
5.681000	  11614.000000	      0.767243
5.693350	  11658.000000	      0.766812
5.705700	  11642.000000	      0.762449
5.718050	  11784.000000	      0.768418
5.730400	  11536.000000	      0.749008
5.742750	  11692.000000	      0.755875
5.755100	  11644.000000	      0.749544
5.767450	  11672.000000	      0.748132
5.779800	  12000.000000	      0.765873
5.792150	  11914.000000	      0.757145
5.804500	  12208.000000	      0.772531
5.816850	  12128.000000	      0.764213
5.829200	  12466.000000	      0.782186
5.841550	  12504.000000	      0.781256
5.853900	  12226.000000	      0.760667
5.866250	  12146.000000	      0.752511
5.878600	  12680.000000	      0.782298
5.890950	  12282.000000	      0.754570
5.903300	  12472.000000	      0.763040
5.915650	  12616.000000	      0.768631
5.928000	  12852.000000	      0.779750
5.940350	  13174.000000	      0.795966
5.952700	  13164.000000	      0.792065
5.965050	  13090.000000	      0.784354
5.977400	  13284.000000	      0.792693
5.989750	  12986.000000	      0.771718
6.002100	  13232.000000	      0.783105
6.014450	  13308.000000	      0.784372
6.026800	  13566.000000	      0.796304
6.039150	  13406.000000	      0.783697
6.051500	  13440.000000	      0.782481
6.063850	  13538.000000	      0.784980
6.076200	  13710.000000	      0.791725
6.088550	  14164.000000	      0.814627
6.100900	  13920.000000	      0.797356
6.113250	  13748.000000	      0.784325
6.125600	  14194.000000	      0.806507
6.137950	  14222.000000	      0.804850
6.150300	  14352.000000	      0.808948
6.162650	  14182.000000	      0.796165
6.175000	  14538.000000	      0.812890
6.187350	  14558.000000	      0.810762
6.199700	  14440.000000	      0.800989
6.212050	  14544.000000	      0.803554
6.224400	  14808.000000	      0.814896
6.236750	  15120.000000	      0.828774
6.249100	  14978.000000	      0.817748
6.261450	  15024.000000	      0.817027
6.273800	  15066.000000	      0.816089
6.286150	  15370.000000	      0.829288
6.298500	  15650.000000	      0.841087
6.310850	  15394.000000	      0.824094
6.323200	  15458.000000	      0.824291
6.335550	  15430.000000	      0.819593
6.347900	  15730.000000	      0.832280
6.360250	  16072.000000	      0.847076
6.372600	  15790.000000	      0.828991
6.384950	  15956.000000	      0.834468
6.397300	  15828.000000	      0.824581
6.409650	  16686.000000	      0.865933
6.422000	  16752.000000	      0.866018
6.434350	  16524.000000	      0.850955
6.446700	  16758.000000	      0.859702
6.459050	  17088.000000	      0.873283
6.471400	  17152.000000	      0.873211
6.483750	  17264.000000	      0.875568
6.496100	  17360.000000	      0.877092
6.508450	  17408.000000	      0.876183
6.520800	  17562.000000	      0.880589
6.533150	  18040.000000	      0.901140
6.545500	  17914.000000	      0.891472
6.557850	  17936.000000	      0.889208
6.570200	  18600.000000	      0.918664
6.582550	  18626.000000	      0.916499
6.594900	  18704.000000	      0.916894
6.607250	  19058.000000	      0.930758
6.619600	  18886.000000	      0.918919
6.631950	  19526.000000	      0.946524
6.644300	  19450.000000	      0.939338
6.656650	  19420.000000	      0.934413
6.669000	  19800.000000	      0.949171
6.681350	  20298.000000	      0.969451
6.693700	  20260.000000	      0.964068
6.706050	  20486.000000	      0.971235
6.718400	  20592.000000	      0.972675
6.730750	  20774.000000	      0.977674
6.743100	  21266.000000	      0.997166
6.755450	  21322.000000	      0.996140
6.767800	  21742.000000	      1.012058
6.780150	  21604.000000	      1.001974
6.792500	  22000.000000	      1.016633
6.804850	  22196.000000	      1.021971
6.817200	  22224.000000	      1.019556
6.829550	  22626.000000	      1.034248
6.841900	  22804.000000	      1.038624
6.854250	  22782.000000	      1.033886
6.866600	  23092.000000	      1.044188
6.878950	  23110.000000	      1.041254
6.891300	  23494.000000	      1.054765
6.903650	  23708.000000	      1.060567
6.916000	  23876.000000	      1.064272
6.928350	  23852.000000	      1.059415
6.940700	  24212.000000	      1.071581
6.953050	  24842.000000	      1.095561
6.965400	  24746.000000	      1.087461
6.977750	  25218.000000	      1.104284
6.990100	  25180.000000	      1.098727
7.002450	  25678.000000	      1.116508
7.014800	  25880.000000	      1.121333
7.027150	  25650.000000	      1.107464
7.039500	  26294.000000	      1.131290
7.051850	  26272.000000	      1.126388
7.064200	  26412.000000	      1.128434
7.076550	  26686.000000	      1.136164
7.088900	  27266.000000	      1.156817
7.101250	  27352.000000	      1.156433
7.113600	  26856.000000	      1.131523
7.125950	  27534.000000	      1.156071
7.138300	  27840.000000	      1.164878
7.150650	  28020.000000	      1.168363
7.163000	  28428.000000	      1.181292
7.175350	  28438.000000	      1.177643
7.187700	  29128.000000	      1.202075
7.200050	  29016.000000	      1.193349
7.212400	  29280.000000	      1.200086
7.224750	  29402.000000	      1.200970
7.237100	  29638.000000	      1.206481
7.249450	  29476.000000	      1.195802
7.261800	  29456.000000	      1.190930
7.274150	  29932.000000	      1.206069
7.286500	  29958.000000	      1.203028
7.298850	  30670.000000	      1.227455
7.311200	  30612.000000	      1.220999
7.323550	  30782.000000	      1.223642
7.335900	  30696.000000	      1.216118
7.348250	  30806.000000	      1.216377
7.360600	  30754.000000	      1.210253
7.372950	  30998.000000	      1.215772
7.385300	  30758.000000	      1.202327
7.397650	  30554.000000	      1.190368
7.410000	  30462.000000	      1.182831
7.422350	  30336.000000	      1.174022
7.434700	  30252.000000	      1.166885
7.447050	  30576.000000	      1.175474
7.459400	  29916.000000	      1.146296
7.471750	  30330.000000	      1.158320
7.484100	  30856.000000	      1.174523
7.496450	  30696.000000	      1.164585
7.508800	  30608.000000	      1.157430
7.521150	  30588.000000	      1.152878
7.533500	  29762.000000	      1.118071
7.545850	  30092.000000	      1.126771
7.558200	  30196.000000	      1.126973
7.570550	  29772.000000	      1.107526
7.582900	  29984.000000	      1.111782
7.595250	  30022.000000	      1.109574
7.607600	  29984.000000	      1.104575
7.619950	  29566.000000	      1.085648
7.632300	  29648.000000	      1.085139
7.644650	  29372.000000	      1.071567
7.657000	  29732.000000	      1.081204
7.669350	  29090.000000	      1.054454
7.681700	  29498.000000	      1.065807
7.694050	  29006.000000	      1.044669
7.706400	  28572.000000	      1.025743
7.718750	  29284.000000	      1.047942
7.731100	  28434.000000	      1.014276
7.743450	  28514.000000	      1.013888
7.755800	  28530.000000	      1.011229
7.768150	  28622.000000	      1.011267
7.780500	  28256.000000	      0.995168
7.792850	  28844.000000	      1.012660
7.805200	  28620.000000	      1.001619
7.817550	  28072.000000	      0.979339
7.829900	  27848.000000	      0.968462
7.842250	  27646.000000	      0.958411
7.854600	  27730.000000	      0.958302
7.866950	  27548.000000	      0.949026
7.879300	  27800.000000	      0.954708
7.891650	  27680.000000	      0.947614
7.904000	  27604.000000	      0.942061
7.916350	  27972.000000	      0.951644
7.928700	  26940.000000	      0.913681
7.941050	  26852.000000	      0.907866
7.953400	  27134.000000	      0.914553
7.965750	  27098.000000	      0.910510
7.978100	  26870.000000	      0.900056
7.990450	  27186.000000	      0.907828
8.002800	  26876.000000	      0.894709
8.015150	  27140.000000	      0.900715
8.027500	  27122.000000	      0.897350
8.039850	  27328.000000	      0.901390
8.052200	  27240.000000	      0.895734
8.064550	  27176.000000	      0.890894
8.076900	  26934.000000	      0.880263
8.089250	  27394.000000	      0.892565
8.101600	  26924.000000	      0.874579
8.113950	  27184.000000	      0.880338
8.126300	  27136.000000	      0.876115
8.138650	  27334.000000	      0.879831
8.151000	  27510.000000	      0.882815
8.163350	  26924.000000	      0.861398
8.175700	  27854.000000	      0.888461
8.188050	  27368.000000	      0.870328
8.200400	  27614.000000	      0.875508
8.212750	  27234.000000	      0.860865
8.225100	  27194.000000	      0.857021
8.237450	  27836.000000	      0.874625
8.249800	  28092.000000	      0.880028
8.262150	  27714.000000	      0.865593
8.274500	  27774.000000	      0.864880
8.286850	  28418.000000	      0.882298
8.299200	  28270.000000	      0.875093
8.311550	  28274.000000	      0.872618
8.323900	  28574.000000	      0.879262
8.336250	  28716.000000	      0.881015
8.348600	  28732.000000	      0.878900
8.360950	  28476.000000	      0.868498
8.373300	  29002.000000	      0.881933
8.385650	  29508.000000	      0.894679
8.398000	  28794.000000	      0.870465
8.410350	  28912.000000	      0.871467
8.422700	  29852.000000	      0.897164
8.435050	  30072.000000	      0.901131
8.447400	  30052.000000	      0.897900
8.459750	  30114.000000	      0.897128
8.472100	  30212.000000	      0.897425
8.484450	  30268.000000	      0.896473
8.496800	  30272.000000	      0.893987
8.509150	  30984.000000	      0.912359
8.521500	  31034.000000	      0.911185
8.533850	  30658.000000	      0.897542
8.546200	  31138.000000	      0.908961
8.558550	  30860.000000	      0.898248
8.570900	  31978.000000	      0.928110
8.583250	  31676.000000	      0.916701
8.595600	  31898.000000	      0.920475
8.607950	  32376.000000	      0.931589
8.620300	  32500.000000	      0.932480
8.632650	  32948.000000	      0.942631
8.645000	  32832.000000	      0.936630
8.657350	  32782.000000	      0.932538
8.669700	  33736.000000	      0.956944
8.682050	  33704.000000	      0.953318
8.694400	  33588.000000	      0.947340
8.706750	  33568.000000	      0.944092
8.719100	  33988.000000	      0.953198
8.731450	  34234.000000	      0.957383
8.743800	  34180.000000	      0.953175
8.756150	  34536.000000	      0.960388
8.768500	  34450.000000	      0.955299
8.780850	  35044.000000	      0.969039
8.793200	  35178.000000	      0.970014
8.805550	  35444.000000	      0.974609
8.817900	  35442.000000	      0.971827
8.830250	  35502.000000	      0.970751
8.842600	  36230.000000	      0.987891
8.854950	  36362.000000	      0.988727
8.867300	  36134.000000	      0.979792
8.879650	  36324.000000	      0.982207
8.892000	  36590.000000	      0.986653
8.904350	  37580.000000	      1.010539
8.916700	  37220.000000	      0.998088
8.929050	  37232.000000	      0.995650
8.941400	  37452.000000	      0.998769
8.953750	  37756.000000	      1.004100
8.966100	  37854.000000	      1.003935
8.978450	  38228.000000	      1.011066
8.990800	  38478.000000	      1.014885
9.003150	  38396.000000	      1.009945
9.015500	  38944.000000	      1.021555
9.027850	  38902.000000	      1.017663
9.040200	  38854.000000	      1.013633
9.052550	  39592.000000	      1.030069
9.064900	  39612.000000	      1.027783
9.077250	  40180.000000	      1.039686
9.089600	  39942.000000	      1.030721
9.101950	  40298.000000	      1.037088
9.114300	  40052.000000	      1.027965
9.126650	  41424.000000	      1.060303
9.139000	  40280.000000	      1.028236
9.151350	  41010.000000	      1.044048
9.163700	  41132.000000	      1.044333
9.176050	  41826.000000	      1.059097
9.188400	  42052.000000	      1.061959
9.200750	  42082.000000	      1.059866
9.213100	  42386.000000	      1.064662
9.225450	  42410.000000	      1.062415
9.237800	  42426.000000	      1.059976
9.250150	  42792.000000	      1.066267
9.262500	  42454.000000	      1.055026
9.274850	  43344.000000	      1.074276
9.287200	  43354.000000	      1.071669
9.299550	  43060.000000	      1.061576
9.311900	  44310.000000	      1.089497
9.324250	  43952.000000	      1.077834
9.336600	  44054.000000	      1.077479
9.348950	  45040.000000	      1.098686
9.361300	  44646.000000	      1.086203
9.373650	  45188.000000	      1.096495
9.386000	  44894.000000	      1.086496
9.398350	  45232.000000	      1.091801
9.410700	  45690.000000	      1.099963
9.423050	  45366.000000	      1.089302
9.435400	  46152.000000	      1.105276
9.447750	  45624.000000	      1.089777
9.460100	  46464.000000	      1.106945
9.472450	  46740.000000	      1.110619
9.484800	  46628.000000	      1.105074
9.497150	  46914.000000	      1.108962
9.509500	  46826.000000	      1.104009
9.521850	  46630.000000	      1.096538
9.534200	  47302.000000	      1.109461
9.546550	  47256.000000	      1.105516
9.558900	  46896.000000	      1.094261
9.571250	  47572.000000	      1.107172
9.583600	  46618.000000	      1.082174
9.595950	  46888.000000	      1.085642
9.608300	  47572.000000	      1.098650
9.620650	  47420.000000	      1.092329
9.633000	  47694.000000	      1.095826
9.645350	  47976.000000	      1.099484
9.657700	  47598.000000	      1.088033
9.670050	  48252.000000	      1.100167
9.682400	  47258.000000	      1.074757
9.694750	  48090.000000	      1.090894
9.707100	  48048.000000	      1.087169
9.719450	  48672.000000	      1.098491
9.731800	  48290.000000	      1.087106
9.744150	  47422.000000	      1.064861
9.756500	  47644.000000	      1.067139
9.768850	  47604.000000	      1.063549
9.781200	  48466.000000	      1.080075
9.793550	  48510.000000	      1.078330
9.805900	  47626.000000	      1.056015
9.818250	  48360.000000	      1.069594
9.830600	  48546.000000	      1.071012
9.842950	  47924.000000	      1.054638
9.855300	  47986.000000	      1.053357
9.867650	  48204.000000	      1.055496
9.880000	  47700.000000	      1.041850
9.892350	  48026.000000	      1.046353
9.904700	  48306.000000	      1.049831
9.917050	  47808.000000	      1.036422
9.929400	  47958.000000	      1.037089
9.941750	  47932.000000	      1.033953
9.954100	  47258.000000	      1.016886
9.966450	  48088.000000	      1.032183
9.978800	  48560.000000	      1.039736
9.991150	  47860.000000	      1.022216
10.003500	  48024.000000	      1.023188
10.015850	  47330.000000	      1.005916
10.028200	  47838.000000	      1.014210
10.040550	  47640.000000	      1.007529
10.052900	  48176.000000	      1.016363
10.065250	  47900.000000	      1.008062
10.077600	  47702.000000	      1.001436
10.089950	  47188.000000	      0.988222
10.102300	  47564.000000	      0.993662
10.114650	  47130.000000	      0.982192
10.127000	  47374.000000	      0.984871
10.139350	  47776.000000	      0.990810
10.151700	  47146.000000	      0.975367
10.164050	  47340.000000	      0.977002
10.176400	  47802.000000	      0.984144
10.188750	  47336.000000	      0.972189
10.201100	  47556.000000	      0.974344
10.213450	  47696.000000	      0.974850
10.225800	  47866.000000	      0.975963
10.238150	  47474.000000	      0.965637
10.250500	  46948.000000	      0.952638
10.262850	  47850.000000	      0.968605
10.275200	  47590.000000	      0.961028
10.287550	  47770.000000	      0.962348
10.299900	  47538.000000	      0.955379
10.312250	  47636.000000	      0.955057
10.324600	  47510.000000	      0.950253
10.336950	  47804.000000	      0.953850
10.349300	  48392.000000	      0.963280
10.361650	  47744.000000	      0.948117
10.374000	  47848.000000	      0.947921
10.386350	  48134.000000	      0.951321
10.398700	  48244.000000	      0.951231
10.411050	  48616.000000	      0.956293
10.423400	  48046.000000	      0.942843
10.435750	  48136.000000	      0.942375
10.448100	  47840.000000	      0.934367
10.460450	  48282.000000	      0.940774
10.472800	  48314.000000	      0.939179
10.485150	  48284.000000	      0.936386
10.497500	  47974.000000	      0.928186
10.509850	  47908.000000	      0.924732
10.522200	  48766.000000	      0.939085
10.534550	  48472.000000	      0.931236
10.546900	  48708.000000	      0.933580
10.559250	  49010.000000	      0.937172
10.571600	  48578.000000	      0.926742
10.583950	  48808.000000	      0.928959
10.596300	  49034.000000	      0.931086
10.608650	  48630.000000	      0.921266
10.621000	  49456.000000	      0.934736
10.633350	  49744.000000	      0.937997
10.645700	  49436.000000	      0.930027
10.658050	  49808.000000	      0.934855
10.670400	  50028.000000	      0.936812
10.682750	  49596.000000	      0.926577
10.695100	  49718.000000	      0.926712
10.707450	  50046.000000	      0.930675
10.719800	  50652.000000	      0.939775
10.732150	  50208.000000	      0.929395
10.744500	  49968.000000	      0.922827
10.756850	  51068.000000	      0.940978
10.769200	  50652.000000	      0.931173
10.781550	  50482.000000	      0.925923
10.793900	  50298.000000	      0.920439
10.806250	  51436.000000	      0.939113
10.818600	  50692.000000	      0.923418
10.830950	  51716.000000	      0.939924
10.843300	  51654.000000	      0.936660
10.855650	  51878.000000	      0.938582
10.868000	  51878.000000	      0.936451
10.880350	  52282.000000	      0.941602
10.892700	  52706.000000	      0.947087
10.905050	  52374.000000	      0.938991
10.917400	  52544.000000	      0.939908
10.929750	  52838.000000	      0.943033
10.942100	  52742.000000	      0.939196
10.954450	  53222.000000	      0.945607
10.966800	  53076.000000	      0.940891
10.979150	  53018.000000	      0.937749
10.991500	  54314.000000	      0.958515
11.003850	  54198.000000	      0.954322
11.016200	  54622.000000	      0.959632
11.028550	  54844.000000	      0.961376
11.040900	  55268.000000	      0.966642
11.053250	  55622.000000	      0.970661
11.065600	  55378.000000	      0.964247
11.077950	  56242.000000	      0.977109
11.090300	  56772.000000	      0.984121
11.102650	  56478.000000	      0.976848
11.115000	  56672.000000	      0.978026
11.127350	  57174.000000	      0.984501
11.139700	  57362.000000	      0.985549
11.152050	  57350.000000	      0.983162
11.164400	  57788.000000	      0.988480
11.176750	  58496.000000	      0.998380
11.189100	  58064.000000	      0.988821
11.201450	  58364.000000	      0.991739
11.213800	  59290.000000	      1.005256
11.226150	  58748.000000	      0.993876
11.238500	  59626.000000	      1.006514
11.250850	  59898.000000	      1.008887
11.263200	  60320.000000	      1.013768
11.275550	  60246.000000	      1.010308
11.287900	  59554.000000	      0.996519
11.300250	  60652.000000	      1.012675
11.312600	  60862.000000	      1.013963
11.324950	  61110.000000	      1.015876
11.337300	  61400.000000	      1.018474
11.349650	  61824.000000	      1.023277
11.362000	  61298.000000	      1.012366
11.374350	  61826.000000	      1.018870
11.386700	  62552.000000	      1.028600
11.399050	  62750.000000	      1.029621
11.411400	  62510.000000	      1.023464
11.423750	  63042.000000	      1.029944
11.436100	  62940.000000	      1.026058
11.448450	  62978.000000	      1.024463
11.460800	  63328.000000	      1.027938
11.473150	  64034.000000	      1.037161
11.485500	  63952.000000	      1.033606
11.497850	  64724.000000	      1.043838
11.510200	  64338.000000	      1.035387
11.522550	  64754.000000	      1.039849
11.534900	  65028.000000	      1.042014
11.547250	  65428.000000	      1.046182
11.559600	  64668.000000	      1.031822
11.571950	  65316.000000	      1.039938
11.584300	  65192.000000	      1.035752
11.596650	  65206.000000	      1.033769
11.609000	  66196.000000	      1.047232
11.621350	  66118.000000	      1.043776
11.633700	  66264.000000	      1.043861
11.646050	  66096.000000	      1.039008
11.658400	  66024.000000	      1.035678
11.670750	  66530.000000	      1.041408
11.683100	  66720.000000	      1.042175
11.695450	  67190.000000	      1.047301
11.707800	  67360.000000	      1.047737
11.720150	  67348.000000	      1.045344
11.732500	  67836.000000	      1.050703
11.744850	  67910.000000	      1.049638
11.757200	  67890.000000	      1.047126
11.769550	  68612.000000	      1.056042
11.781900	  68818.000000	      1.056993
11.794250	  69256.000000	      1.061494
11.806600	  69132.000000	      1.057378
11.818950	  68958.000000	      1.052514
11.831300	  69982.000000	      1.065914
11.843650	  69002.000000	      1.048797
11.856000	  69032.000000	      1.047068
11.868350	  69904.000000	      1.058089
11.880700	  69798.000000	      1.054289
11.893050	  69600.000000	      1.049116
11.905400	  70088.000000	      1.054281
11.917750	  70292.000000	      1.055160
11.930100	  70350.000000	      1.053845
11.942450	  70794.000000	      1.058304
11.954800	  70802.000000	      1.056238
11.967150	  71280.000000	      1.061175
11.979500	  70658.000000	      1.049747
11.991850	  70998.000000	      1.052627
12.004200	  71076.000000	      1.051617
12.016550	  71140.000000	      1.050401
12.028900	  70720.000000	      1.042057
12.041250	  71610.000000	      1.053007
12.053600	  71440.000000	      1.048356
12.065950	  70754.000000	      1.036165
12.078300	  70890.000000	      1.036034
12.090650	  71354.000000	      1.040686
12.103000	  71602.000000	      1.042173
12.115350	  71082.000000	      1.032496
12.127700	  70986.000000	      1.029003
12.140050	  71138.000000	      1.029109
12.152400	  71492.000000	      1.032130
12.164750	  71340.000000	      1.027845
12.177100	  71216.000000	      1.023978
12.189450	  70804.000000	      1.015992
12.201800	  71376.000000	      1.022128
12.214150	  71164.000000	      1.017032
12.226500	  71162.000000	      1.014950
12.238850	  71540.000000	      1.018283
12.251200	  71396.000000	      1.014186
12.263550	  70990.000000	      1.006388
12.275900	  71112.000000	      1.006091
12.288250	  71630.000000	      1.011383
12.300600	  71252.000000	      1.004027
12.312950	  71374.000000	      1.003729
12.325300	  70930.000000	      0.995488
12.337650	  70980.000000	      0.994196
