#n	h	g
0.000000	  33936.000000	      0.000000
0.012350	      0.000000	      0.000000
0.024700	      0.000000	      0.000000
0.037050	      0.000000	      0.000000
0.049400	      0.000000	      0.000000
0.061750	      0.000000	      0.000000
0.074100	      0.000000	      0.000000
0.086450	      0.000000	      0.000000
0.098800	      0.000000	      0.000000
0.111150	      0.000000	      0.000000
0.123500	      0.000000	      0.000000
0.135850	      0.000000	      0.000000
0.148200	      0.000000	      0.000000
0.160550	      0.000000	      0.000000
0.172900	      0.000000	      0.000000
0.185250	      0.000000	      0.000000
0.197600	      0.000000	      0.000000
0.209950	      0.000000	      0.000000
0.222300	      0.000000	      0.000000
0.234650	      0.000000	      0.000000
0.247000	      0.000000	      0.000000
0.259350	      0.000000	      0.000000
0.271700	      0.000000	      0.000000
0.284050	      0.000000	      0.000000
0.296400	      0.000000	      0.000000
0.308750	      0.000000	      0.000000
0.321100	      0.000000	      0.000000
0.333450	      0.000000	      0.000000
0.345800	      0.000000	      0.000000
0.358150	      0.000000	      0.000000
0.370500	      0.000000	      0.000000
0.382850	      0.000000	      0.000000
0.395200	      0.000000	      0.000000
0.407550	      0.000000	      0.000000
0.419900	      0.000000	      0.000000
0.432250	      0.000000	      0.000000
0.444600	      0.000000	      0.000000
0.456950	      0.000000	      0.000000
0.469300	      0.000000	      0.000000
0.481650	      0.000000	      0.000000
0.494000	      0.000000	      0.000000
0.506350	      0.000000	      0.000000
0.518700	      0.000000	      0.000000
0.531050	      0.000000	      0.000000
0.543400	      0.000000	      0.000000
0.555750	      0.000000	      0.000000
0.568100	      0.000000	      0.000000
0.580450	      0.000000	      0.000000
0.592800	      0.000000	      0.000000
0.605150	      0.000000	      0.000000
0.617500	      0.000000	      0.000000
0.629850	      0.000000	      0.000000
0.642200	      0.000000	      0.000000
0.654550	      0.000000	      0.000000
0.666900	      0.000000	      0.000000
0.679250	      0.000000	      0.000000
0.691600	      0.000000	      0.000000
0.703950	      0.000000	      0.000000
0.716300	      0.000000	      0.000000
0.728650	      0.000000	      0.000000
0.741000	      0.000000	      0.000000
0.753350	      0.000000	      0.000000
0.765700	      0.000000	      0.000000
0.778050	      0.000000	      0.000000
0.790400	      0.000000	      0.000000
0.802750	      0.000000	      0.000000
0.815100	      0.000000	      0.000000
0.827450	      0.000000	      0.000000
0.839800	      0.000000	      0.000000
0.852150	      0.000000	      0.000000
0.864500	      0.000000	      0.000000
0.876850	      0.000000	      0.000000
0.889200	      0.000000	      0.000000
0.901550	      0.000000	      0.000000
0.913900	      0.000000	      0.000000
0.926250	      0.000000	      0.000000
0.938600	      0.000000	      0.000000
0.950950	      0.000000	      0.000000
0.963300	      0.000000	      0.000000
0.975650	      0.000000	      0.000000
0.988000	      0.000000	      0.000000
1.000350	      0.000000	      0.000000
1.012700	      0.000000	      0.000000
1.025050	      0.000000	      0.000000
1.037400	      0.000000	      0.000000
1.049750	      0.000000	      0.000000
1.062100	      0.000000	      0.000000
1.074450	      0.000000	      0.000000
1.086800	      0.000000	      0.000000
1.099150	      0.000000	      0.000000
1.111500	      0.000000	      0.000000
1.123850	      0.000000	      0.000000
1.136200	      0.000000	      0.000000
1.148550	      0.000000	      0.000000
1.160900	      0.000000	      0.000000
1.173250	      0.000000	      0.000000
1.185600	      0.000000	      0.000000
1.197950	      0.000000	      0.000000
1.210300	      0.000000	      0.000000
1.222650	      0.000000	      0.000000
1.235000	      0.000000	      0.000000
1.247350	      0.000000	      0.000000
1.259700	      0.000000	      0.000000
1.272050	      0.000000	      0.000000
1.284400	      0.000000	      0.000000
1.296750	      0.000000	      0.000000
1.309100	      0.000000	      0.000000
1.321450	      0.000000	      0.000000
1.333800	      0.000000	      0.000000
1.346150	      0.000000	      0.000000
1.358500	      0.000000	      0.000000
1.370850	      0.000000	      0.000000
1.383200	      0.000000	      0.000000
1.395550	      0.000000	      0.000000
1.407900	      0.000000	      0.000000
1.420250	      0.000000	      0.000000
1.432600	      0.000000	      0.000000
1.444950	      0.000000	      0.000000
1.457300	      0.000000	      0.000000
1.469650	      0.000000	      0.000000
1.482000	      0.000000	      0.000000
1.494350	      0.000000	      0.000000
1.506700	      0.000000	      0.000000
1.519050	      0.000000	      0.000000
1.531400	      0.000000	      0.000000
1.543750	      0.000000	      0.000000
1.556100	      0.000000	      0.000000
1.568450	      0.000000	      0.000000
1.580800	      0.000000	      0.000000
1.593150	      0.000000	      0.000000
1.605500	      0.000000	      0.000000
1.617850	      0.000000	      0.000000
1.630200	      0.000000	      0.000000
1.642550	      0.000000	      0.000000
1.654900	      0.000000	      0.000000
1.667250	      0.000000	      0.000000
1.679600	      0.000000	      0.000000
1.691950	      0.000000	      0.000000
1.704300	      0.000000	      0.000000
1.716650	      0.000000	      0.000000
1.729000	      0.000000	      0.000000
1.741350	      0.000000	      0.000000
1.753700	      0.000000	      0.000000
1.766050	      0.000000	      0.000000
1.778400	      0.000000	      0.000000
1.790750	      0.000000	      0.000000
1.803100	      0.000000	      0.000000
1.815450	      0.000000	      0.000000
1.827800	      0.000000	      0.000000
1.840150	      0.000000	      0.000000
1.852500	      0.000000	      0.000000
1.864850	      0.000000	      0.000000
1.877200	      0.000000	      0.000000
1.889550	      0.000000	      0.000000
1.901900	      0.000000	      0.000000
1.914250	      0.000000	      0.000000
1.926600	      0.000000	      0.000000
1.938950	      0.000000	      0.000000
1.951300	      0.000000	      0.000000
1.963650	      0.000000	      0.000000
1.976000	      0.000000	      0.000000
1.988350	      0.000000	      0.000000
2.000700	      0.000000	      0.000000
2.013050	      0.000000	      0.000000
2.025400	      0.000000	      0.000000
2.037750	      0.000000	      0.000000
2.050100	      0.000000	      0.000000
2.062450	      0.000000	      0.000000
2.074800	      0.000000	      0.000000
2.087150	      0.000000	      0.000000
2.099500	      0.000000	      0.000000
2.111850	      0.000000	      0.000000
2.124200	      0.000000	      0.000000
2.136550	      0.000000	      0.000000
2.148900	      0.000000	      0.000000
2.161250	      0.000000	      0.000000
2.173600	      0.000000	      0.000000
2.185950	      0.000000	      0.000000
2.198300	      0.000000	      0.000000
2.210650	      0.000000	      0.000000
2.223000	      0.000000	      0.000000
2.235350	      0.000000	      0.000000
2.247700	      0.000000	      0.000000
2.260050	      0.000000	      0.000000
2.272400	      0.000000	      0.000000
2.284750	      0.000000	      0.000000
2.297100	      0.000000	      0.000000
2.309450	      0.000000	      0.000000
2.321800	      0.000000	      0.000000
2.334150	      2.000000	      0.003135
2.346500	      2.000000	      0.003102
2.358850	      4.000000	      0.006140
2.371200	     10.000000	      0.015191
2.383550	     12.000000	      0.018040
2.395900	      2.000000	      0.002976
2.408250	     20.000000	      0.029453
2.420600	     22.000000	      0.032069
2.432950	     22.000000	      0.031744
2.445300	     30.000000	      0.042851
2.457650	     14.000000	      0.019797
2.470000	     18.000000	      0.025199
2.482350	     10.000000	      0.013861
2.494700	     18.000000	      0.024703
2.507050	     10.000000	      0.013589
2.519400	      2.000000	      0.002691
2.531750	      0.000000	      0.000000
2.544100	      4.000000	      0.005278
2.556450	      0.000000	      0.000000
2.568800	      0.000000	      0.000000
2.581150	      0.000000	      0.000000
2.593500	      0.000000	      0.000000
2.605850	      0.000000	      0.000000
2.618200	      2.000000	      0.002492
2.630550	      0.000000	      0.000000
2.642900	      0.000000	      0.000000
2.655250	      4.000000	      0.004846
2.667600	      0.000000	      0.000000
2.679950	      6.000000	      0.007135
2.692300	     12.000000	      0.014140
2.704650	     26.000000	      0.030357
2.717000	     34.000000	      0.039338
2.729350	     46.000000	      0.052741
2.741700	     60.000000	      0.068174
2.754050	    116.000000	      0.130624
2.766400	    132.000000	      0.147317
2.778750	    192.000000	      0.212379
2.791100	    270.000000	      0.296020
2.803450	    332.000000	      0.360795
2.815800	    366.000000	      0.394263
2.828150	    474.000000	      0.506153
2.840500	    616.000000	      0.652078
2.852850	    646.000000	      0.677927
2.865200	    896.000000	      0.932195
2.877550	    976.000000	      1.006729
2.889900	   1148.000000	      1.174045
2.902250	   1220.000000	      1.237083
2.914600	   1542.000000	      1.550369
2.926950	   1588.000000	      1.583173
2.939300	   1924.000000	      1.902067
2.951650	   2078.000000	      2.037157
2.964000	   2286.000000	      2.222432
2.976350	   2616.000000	      2.522193
2.988700	   2646.000000	      2.530077
3.001050	   3016.000000	      2.860181
3.013400	   3408.000000	      3.205491
3.025750	   3504.000000	      3.268937
3.038100	   3606.000000	      3.336800
3.050450	   3912.000000	      3.590704
3.062800	   4010.000000	      3.651032
3.075150	   4470.000000	      4.037230
3.087500	   4836.000000	      4.332922
3.099850	   4818.000000	      4.282467
3.112200	   5056.000000	      4.458416
3.124550	   5404.000000	      4.727690
3.136900	   5560.000000	      4.825941
3.149250	   5872.000000	      5.056853
3.161600	   6020.000000	      5.143885
3.173950	   6064.000000	      5.141237
3.186300	   6252.000000	      5.259618
3.198650	   6080.000000	      5.075499
3.211000	   6000.000000	      4.970261
3.223350	   5196.000000	      4.271327
3.235700	   4806.000000	      3.920630
3.248050	   4106.000000	      3.324162
3.260400	   3208.000000	      2.577515
3.272750	   2614.000000	      2.084436
3.285100	   1950.000000	      1.543285
3.297450	   1306.000000	      1.025877
3.309800	    960.000000	      0.748473
3.322150	    668.000000	      0.516948
3.334500	    406.000000	      0.311870
3.346850	    238.000000	      0.181473
3.359200	    166.000000	      0.125645
3.371550	     88.000000	      0.066120
3.383900	     42.000000	      0.031327
3.396250	     20.000000	      0.014809
3.408600	     14.000000	      0.010292
3.420950	      6.000000	      0.004379
3.433300	      6.000000	      0.004347
3.445650	      2.000000	      0.001439
3.458000	      2.000000	      0.001429
3.470350	      0.000000	      0.000000
3.482700	      6.000000	      0.004225
3.495050	      6.000000	      0.004195
3.507400	      6.000000	      0.004166
3.519750	      6.000000	      0.004137
3.532100	     12.000000	      0.008215
3.544450	     18.000000	      0.012237
3.556800	     14.000000	      0.009452
3.569150	     34.000000	      0.022796
3.581500	     28.000000	      0.018644
3.593850	     32.000000	      0.021161
3.606200	     26.000000	      0.017076
3.618550	     44.000000	      0.028701
3.630900	     40.000000	      0.025914
3.643250	     86.000000	      0.055339
3.655600	     62.000000	      0.039626
3.667950	     92.000000	      0.058405
3.680300	    104.000000	      0.065581
3.692650	     82.000000	      0.051362
3.705000	    140.000000	      0.087108
3.717350	    128.000000	      0.079114
3.729700	    150.000000	      0.092098
3.742050	    168.000000	      0.102470
3.754400	    156.000000	      0.094526
3.766750	    214.000000	      0.128822
3.779100	    224.000000	      0.133961
3.791450	    238.000000	      0.141408
3.803800	    244.000000	      0.144033
3.816150	    270.000000	      0.158351
3.828500	    288.000000	      0.167820
3.840850	    346.000000	      0.200323
3.853200	    298.000000	      0.171428
3.865550	    338.000000	      0.193198
3.877900	    400.000000	      0.227183
3.890250	    470.000000	      0.265248
3.902600	    470.000000	      0.263571
3.914950	    528.000000	      0.294232
3.927300	    528.000000	      0.292385
3.939650	    588.000000	      0.323572
3.952000	    584.000000	      0.319365
3.964350	    636.000000	      0.345638
3.976700	    636.000000	      0.343495
3.989050	    672.000000	      0.360694
4.001400	    630.000000	      0.336066
4.013750	    734.000000	      0.389138
4.026100	    824.000000	      0.434177
4.038450	    806.000000	      0.422099
4.050800	    874.000000	      0.454924
4.063150	    882.000000	      0.456301
4.075500	    930.000000	      0.478222
4.087850	   1030.000000	      0.526448
4.100200	   1056.000000	      0.536491
4.112550	   1126.000000	      0.568623
4.124900	   1274.000000	      0.639516
4.137250	   1252.000000	      0.624726
4.149600	   1240.000000	      0.615060
4.161950	   1462.000000	      0.720879
4.174300	   1340.000000	      0.656820
4.186650	   1480.000000	      0.721169
4.199000	   1586.000000	      0.768281
4.211350	   1540.000000	      0.741629
4.223700	   1654.000000	      0.791877
4.236050	   1668.000000	      0.793930
4.248400	   1766.000000	      0.835696
4.260750	   1826.000000	      0.859087
4.273100	   1768.000000	      0.826999
4.285450	   1922.000000	      0.893859
4.297800	   1894.000000	      0.875782
4.310150	   2028.000000	      0.932377
4.322500	   2116.000000	      0.967285
4.334850	   2166.000000	      0.984507
4.347200	   2214.000000	      1.000615
4.359550	   2198.000000	      0.987763
4.371900	   2498.000000	      1.116248
4.384250	   2286.000000	      1.015767
4.396600	   2428.000000	      1.072811
4.408950	   2384.000000	      1.047477
4.421300	   2546.000000	      1.112415
4.433650	   2622.000000	      1.139248
4.446000	   2720.000000	      1.175272
4.458350	   2742.000000	      1.178224
4.470700	   2850.000000	      1.217874
4.483050	   2840.000000	      1.206923
4.495400	   2994.000000	      1.265388
4.507750	   2762.000000	      1.160948
4.520100	   3072.000000	      1.284203
4.532450	   2898.000000	      1.204872
4.544800	   3164.000000	      1.308325
4.557150	   3010.000000	      1.237908
4.569500	   2988.000000	      1.222227
4.581850	   3076.000000	      1.251449
4.594200	   3174.000000	      1.284386
4.606550	   3148.000000	      1.267044
4.618900	   3198.000000	      1.280295
4.631250	   3284.000000	      1.307721
4.643600	   3090.000000	      1.223933
4.655950	   3164.000000	      1.246604
4.668300	   3244.000000	      1.271370
4.680650	   3188.000000	      1.242838
4.693000	   3112.000000	      1.206833
4.705350	   3200.000000	      1.234453
4.717700	   3224.000000	      1.237209
4.730050	   3206.000000	      1.223885
4.742400	   3458.000000	      1.313219
4.754750	   3136.000000	      1.184757
4.767100	   3374.000000	      1.268076
4.779450	   3324.000000	      1.242836
4.791800	   3390.000000	      1.260988
4.804150	   3390.000000	      1.254513
4.816500	   3456.000000	      1.272387
4.828850	   3338.000000	      1.222665
4.841200	   3452.000000	      1.257979
4.853550	   3452.000000	      1.251585
4.865900	   3546.000000	      1.279148
4.878250	   3566.000000	      1.279858
4.890600	   3624.000000	      1.294114
4.902950	   3692.000000	      1.311763
4.915300	   3816.000000	      1.349015
4.927650	   3930.000000	      1.382361
4.940000	   3914.000000	      1.369858
4.952350	   4112.000000	      1.431987
4.964700	   4188.000000	      1.451207
4.977050	   4236.000000	      1.460564
4.989400	   4030.000000	      1.382665
5.001750	   4430.000000	      1.512406
5.014100	   4136.000000	      1.405087
5.026450	   4204.000000	      1.421178
5.038800	   4362.000000	      1.467371
5.051150	   4270.000000	      1.429407
5.063500	   4228.000000	      1.408452
5.075850	   4352.000000	      1.442713
5.088200	   4348.000000	      1.434398
5.100550	   4456.000000	      1.462917
5.112900	   4430.000000	      1.447364
5.125250	   4592.000000	      1.493071
5.137600	   4620.000000	      1.494961
5.149950	   4404.000000	      1.418240
5.162300	   4464.000000	      1.430692
5.174650	   4372.000000	      1.394526
5.187000	   4370.000000	      1.387259
5.199350	   4500.000000	      1.421749
5.211700	   4452.000000	      1.399925
5.224050	   4284.000000	      1.340736
5.236400	   4420.000000	      1.376782
5.248750	   4524.000000	      1.402553
5.261100	   4432.000000	      1.367588
5.273450	   4442.000000	      1.364261
5.285800	   4426.000000	      1.353002
5.298150	   4452.000000	      1.354613
5.310500	   4428.000000	      1.341051
5.322850	   4410.000000	      1.329409
5.335200	   4488.000000	      1.346666
5.347550	   4528.000000	      1.352400
5.359900	   4314.000000	      1.282553
5.372250	   4474.000000	      1.324013
5.384600	   4520.000000	      1.331497
5.396950	   4496.000000	      1.318372
5.409300	   4540.000000	      1.325203
5.421650	   4774.000000	      1.387165
5.434000	   4492.000000	      1.299299
5.446350	   4594.000000	      1.322783
5.458700	   4578.000000	      1.312218
5.471050	   4596.000000	      1.311436
5.483400	   4526.000000	      1.285652
5.495750	   4466.000000	      1.262913
5.508100	   4508.000000	      1.269080
5.520450	   4564.000000	      1.279102
5.532800	   4540.000000	      1.266702
5.545150	   4392.000000	      1.219956
5.557500	   4532.000000	      1.253255
5.569850	   4466.000000	      1.229533
5.582200	   4620.000000	      1.266309
5.594550	   4306.000000	      1.175039
5.606900	   4146.000000	      1.126399
5.619250	   4328.000000	      1.170683
5.631600	   4066.000000	      1.094995
5.643950	   4102.000000	      1.099861
5.656300	   4188.000000	      1.118022
5.668650	   4010.000000	      1.065844
5.681000	   4012.000000	      1.061744
5.693350	   3980.000000	      1.048711
5.705700	   4042.000000	      1.060442
5.718050	   4042.000000	      1.055866
5.730400	   4006.000000	      1.041957
5.742750	   3860.000000	      0.999669
5.755100	   3908.000000	      1.007761
5.767450	   3968.000000	      1.018855
5.779800	   3768.000000	      0.963372
5.792150	   3752.000000	      0.955194
5.804500	   3786.000000	      0.959753
5.816850	   3614.000000	      0.912265
5.829200	   3436.000000	      0.863662
5.841550	   3496.000000	      0.875032
5.853900	   3474.000000	      0.865860
5.866250	   3390.000000	      0.841370
5.878600	   3420.000000	      0.845253
5.890950	   3502.000000	      0.861894
5.903300	   3360.000000	      0.823490
5.915650	   3270.000000	      0.798089
5.928000	   3310.000000	      0.804489
5.940350	   3308.000000	      0.800663
5.952700	   3150.000000	      0.759261
5.965050	   3158.000000	      0.758041
5.977400	   3218.000000	      0.769254
5.989750	   3170.000000	      0.754658
6.002100	   3028.000000	      0.717890
6.014450	   3006.000000	      0.709751
6.026800	   3160.000000	      0.743057
6.039150	   3078.000000	      0.720818
6.051500	   3056.000000	      0.712748
6.063850	   2918.000000	      0.677793
6.076200	   2910.000000	      0.673190
6.088550	   2956.000000	      0.681060
6.100900	   2990.000000	      0.686107
6.113250	   2960.000000	      0.676482
6.125600	   2880.000000	      0.655547
6.137950	   2940.000000	      0.666514
6.150300	   2944.000000	      0.664743
6.162650	   2932.000000	      0.659383
6.175000	   2816.000000	      0.630765
6.187350	   2910.000000	      0.649220
6.199700	   2920.000000	      0.648859
6.212050	   3112.000000	      0.688776
6.224400	   3052.000000	      0.672819
6.236750	   3026.000000	      0.664448
6.249100	   2988.000000	      0.653513
6.261450	   2846.000000	      0.620003
6.273800	   3028.000000	      0.657057
6.286150	   3132.000000	      0.676957
6.298500	   2966.000000	      0.638566
6.310850	   3082.000000	      0.660945
6.323200	   3142.000000	      0.671183
6.335550	   3122.000000	      0.664313
6.347900	   3194.000000	      0.676992
6.360250	   3346.000000	      0.706458
6.372600	   3256.000000	      0.684794
6.384950	   3242.000000	      0.679214
6.397300	   3472.000000	      0.724594
6.409650	   3304.000000	      0.686879
6.422000	   3352.000000	      0.694180
6.434350	   3284.000000	      0.677489
6.446700	   3474.000000	      0.713943
6.459050	   3350.000000	      0.685829
6.471400	   3442.000000	      0.701977
6.483750	   3450.000000	      0.700931
6.496100	   3394.000000	      0.686934
6.508450	   3588.000000	      0.723446
6.520800	   3688.000000	      0.740794
6.533150	   3628.000000	      0.725990
6.545500	   3700.000000	      0.737606
6.557850	   3780.000000	      0.750719
6.570200	   4004.000000	      0.792219
6.582550	   4004.000000	      0.789249
6.594900	   3928.000000	      0.771372
6.607250	   4078.000000	      0.797837
6.619600	   4040.000000	      0.787456
6.631950	   4208.000000	      0.817150
6.644300	   4188.000000	      0.810246
6.656650	   4256.000000	      0.820349
6.669000	   4332.000000	      0.831909
6.681350	   4488.000000	      0.858683
6.693700	   4524.000000	      0.862380
6.706050	   4556.000000	      0.865284
6.718400	   4802.000000	      0.908655
6.730750	   4874.000000	      0.918898
6.743100	   4878.000000	      0.916286
6.755450	   4912.000000	      0.919302
6.767800	   4932.000000	      0.919680
6.780150	   5330.000000	      0.990278
6.792500	   5204.000000	      0.963355
6.804850	   5258.000000	      0.969822
6.817200	   5360.000000	      0.985057
6.829550	   5498.000000	      1.006767
6.841900	   5374.000000	      0.980512
6.854250	   5584.000000	      1.015159
6.866600	   5776.000000	      1.046291
6.878950	   5610.000000	      1.012575
6.891300	   5552.000000	      0.998518
6.903650	   5698.000000	      1.021112
6.916000	   5852.000000	      1.044968
6.928350	   5914.000000	      1.052277
6.940700	   5874.000000	      1.041444
6.953050	   5952.000000	      1.051528
6.965400	   5976.000000	      1.052027
6.977750	   6032.000000	      1.058130
6.990100	   6098.000000	      1.065931
7.002450	   5990.000000	      1.043363
7.014800	   5994.000000	      1.040387
7.027150	   6204.000000	      1.073055
7.039500	   6132.000000	      1.056883
7.051850	   6456.000000	      1.108833
7.064200	   6430.000000	      1.100509
7.076550	   6504.000000	      1.109292
7.088900	   6448.000000	      1.095913
7.101250	   6498.000000	      1.100573
7.113600	   6956.000000	      1.174057
7.125950	   6484.000000	      1.090601
7.138300	   6738.000000	      1.129406
7.150650	   6850.000000	      1.144216
7.163000	   6920.000000	      1.151927
7.175350	   6792.000000	      1.126731
7.187700	   6952.000000	      1.149313
7.200050	   6886.000000	      1.134500
7.212400	   6872.000000	      1.128320
7.224750	   6914.000000	      1.131338
7.237100	   7124.000000	      1.161725
7.249450	   7026.000000	      1.141844
7.261800	   6844.000000	      1.108485
7.274150	   7320.000000	      1.181558
7.286500	   7314.000000	      1.176591
7.298850	   7316.000000	      1.172934
7.311200	   7246.000000	      1.157789
7.323550	   7372.000000	      1.173953
7.335900	   7500.000000	      1.190318
7.348250	   7424.000000	      1.174299
7.360600	   7262.000000	      1.144823
7.372950	   7528.000000	      1.182784
7.385300	   7518.000000	      1.177266
7.397650	   7498.000000	      1.170217
7.410000	   7306.000000	      1.136454
7.422350	   7628.000000	      1.182596
7.434700	   7376.000000	      1.139732
7.447050	   7540.000000	      1.161212
7.459400	   7564.000000	      1.161054
7.471750	   7480.000000	      1.144367
7.484100	   7598.000000	      1.158587
7.496450	   7672.000000	      1.166020
7.508800	   8000.000000	      1.211874
7.521150	   7830.000000	      1.182230
7.533500	   7864.000000	      1.183473
7.545850	   7860.000000	      1.179003
7.558200	   7700.000000	      1.151231
7.570550	   7772.000000	      1.158208
7.582900	   7714.000000	      1.145823
7.595250	   7898.000000	      1.169342
7.607600	   7906.000000	      1.166729
7.619950	   8162.000000	      1.200607
7.632300	   7744.000000	      1.135437
7.644650	   8072.000000	      1.179708
7.657000	   8210.000000	      1.196009
7.669350	   8008.000000	      1.162828
7.681700	   8218.000000	      1.189488
7.694050	   8040.000000	      1.159991
7.706400	   8004.000000	      1.151099
7.718750	   7984.000000	      1.144551
7.731100	   8200.000000	      1.171763
7.743450	   8004.000000	      1.140110
7.755800	   7892.000000	      1.120579
7.768150	   7814.000000	      1.105979
7.780500	   7734.000000	      1.091183
7.792850	   7768.000000	      1.092509
7.805200	   7790.000000	      1.092139
7.817550	   7888.000000	      1.102387
7.829900	   7660.000000	      1.067149
7.842250	   7568.000000	      1.051014
7.854600	   7544.000000	      1.044389
7.866950	   7562.000000	      1.043596
7.879300	   7632.000000	      1.049957
7.891650	   7710.000000	      1.057371
7.904000	   7392.000000	      1.010594
7.916350	   7394.000000	      1.007716
7.928700	   7534.000000	      1.023600
7.941050	   7392.000000	      1.001186
7.953400	   7344.000000	      0.991598
7.965750	   7466.000000	      1.004947
7.978100	   7534.000000	      1.010963
7.990450	   7358.000000	      0.984296
8.002800	   7300.000000	      0.973526
8.015150	   7124.000000	      0.947129
8.027500	   7258.000000	      0.961977
8.039850	   7484.000000	      0.988887
8.052200	   7406.000000	      0.975581
8.064550	   7370.000000	      0.967867
8.076900	   7338.000000	      0.960720
8.089250	   7194.000000	      0.938993
8.101600	   7502.000000	      0.976212
8.113950	   7472.000000	      0.969350
8.126300	   7490.000000	      0.968734
8.138650	   7510.000000	      0.968375
8.151000	   7254.000000	      0.932533
8.163350	   7402.000000	      0.948682
8.175700	   7362.000000	      0.940707
8.188050	   7374.000000	      0.939400
8.200400	   7418.000000	      0.942161
8.212750	   7246.000000	      0.917550
8.225100	   7322.000000	      0.924391
8.237450	   7380.000000	      0.928922
8.249800	   7382.000000	      0.926394
8.262150	   7214.000000	      0.902607
8.274500	   7046.000000	      0.878957
8.286850	   7208.000000	      0.896488
8.299200	   7244.000000	      0.898286
8.311550	   7120.000000	      0.880287
8.323900	   7114.000000	      0.876938
8.336250	   7096.000000	      0.872129
8.348600	   7070.000000	      0.866365
8.360950	   7006.000000	      0.855988
8.373300	   7124.000000	      0.867839
8.385650	   6776.000000	      0.823016
8.398000	   6894.000000	      0.834888
8.410350	   7134.000000	      0.861417
8.422700	   6956.000000	      0.837463
8.435050	   7102.000000	      0.852538
8.447400	   6872.000000	      0.822518
8.459750	   6912.000000	      0.824892
8.472100	   6906.000000	      0.821775
8.484450	   7030.000000	      0.834097
8.496800	   7268.000000	      0.859830
8.509150	   7164.000000	      0.845068
8.521500	   7342.000000	      0.863557
8.533850	   7000.000000	      0.820950
8.546200	   7158.000000	      0.837055
8.558550	   7308.000000	      0.852132
8.570900	   7390.000000	      0.859212
8.583250	   7370.000000	      0.854422
8.595600	   7362.000000	      0.851044
8.607950	   7456.000000	      0.859439
8.620300	   7750.000000	      0.890770
8.632650	   7622.000000	      0.873553
8.645000	   7688.000000	      0.878602
8.657350	   7916.000000	      0.902079
8.669700	   7766.000000	      0.882466
8.682050	   7544.000000	      0.854802
8.694400	   7966.000000	      0.900056
8.706750	   8028.000000	      0.904490
8.719100	   7814.000000	      0.877887
8.731450	   7962.000000	      0.891986
8.743800	   7960.000000	      0.889245
8.756150	   8288.000000	      0.923277
8.768500	   8120.000000	      0.902016
8.780850	   8274.000000	      0.916539
8.793200	   8256.000000	      0.911978
8.805550	   8606.000000	      0.947975
8.817900	   8850.000000	      0.972124
8.830250	   8520.000000	      0.933259
8.842600	   8650.000000	      0.944854
8.854950	   8786.000000	      0.957034
8.867300	   9008.000000	      0.978485
8.879650	   9114.000000	      0.987247
8.892000	   8988.000000	      0.970896
8.904350	   9156.000000	      0.986302
8.916700	   9132.000000	      0.980994
8.929050	   9238.000000	      0.989637
8.941400	   9330.000000	      0.996734
8.953750	   9436.000000	      1.005279
8.966100	   9362.000000	      0.994649
8.978450	   9640.000000	      1.021369
8.990800	   9522.000000	      1.006098
9.003150	   9458.000000	      0.996596
9.015500	   9352.000000	      0.982728
9.027850	   9830.000000	      1.030133
9.040200	   9592.000000	      1.002448
9.052550	   9438.000000	      0.983664
9.064900	   9920.000000	      1.031084
9.077250	  10074.000000	      1.044244
9.089600	   9934.000000	      1.026936
9.101950	   9912.000000	      1.021883
9.114300	  10076.000000	      1.035977
9.126650	  10056.000000	      1.031124
9.139000	  10450.000000	      1.068630
9.151350	  10080.000000	      1.028013
9.163700	  10138.000000	      1.031144
9.176050	  10320.000000	      1.046831
9.188400	  10050.000000	      1.016705
9.200750	  10566.000000	      1.066038
9.213100	  10434.000000	      1.049900
9.225450	  10406.000000	      1.044281
9.237800	  10458.000000	      1.046695
9.250150	  10572.000000	      1.055281
9.262500	  10958.000000	      1.090896
9.274850	  10720.000000	      1.064363
9.287200	  11048.000000	      1.094013
9.299550	  10806.000000	      1.067209
9.311900	  11054.000000	      1.088808
9.324250	  11200.000000	      1.100269
9.336600	  11296.000000	      1.106766
9.348950	  11184.000000	      1.092899
9.361300	  11356.000000	      1.106781
9.373650	  11310.000000	      1.099395
9.386000	  11552.000000	      1.119966
9.398350	  11148.000000	      1.077959
9.410700	  11836.000000	      1.141484
9.423050	  11544.000000	      1.110406
9.435400	  11478.000000	      1.101169
9.447750	  11816.000000	      1.130635
9.460100	  11642.000000	      1.111078
9.472450	  11768.000000	      1.120177
9.484800	  11710.000000	      1.111755
9.497150	  11968.000000	      1.133296
9.509500	  11974.000000	      1.130921
9.521850	  11782.000000	      1.109903
9.534200	  12110.000000	      1.137848
9.546550	  11734.000000	      1.099668
9.558900	  12152.000000	      1.135901
9.571250	  11750.000000	      1.095492
9.583600	  12038.000000	      1.119452
9.595950	  11664.000000	      1.081883
9.608300	  12252.000000	      1.133502
9.620650	  11868.000000	      1.095159
9.633000	  12392.000000	      1.140583
9.645350	  12206.000000	      1.120588
9.657700	  12174.000000	      1.114794
9.670050	  12126.000000	      1.107564
9.682400	  12254.000000	      1.116402
9.694750	  11966.000000	      1.087388
9.707100	  12438.000000	      1.127405
9.719450	  12368.000000	      1.118213
9.731800	  12324.000000	      1.111409
9.744150	  12274.000000	      1.104096
9.756500	  12284.000000	      1.102200
9.768850	  12506.000000	      1.119284
9.781200	  12600.000000	      1.124851
9.793550	  12390.000000	      1.103315
9.805900	  12406.000000	      1.101959
9.818250	  12514.000000	      1.108757
9.830600	  12456.000000	      1.100847
9.842950	  12532.000000	      1.104787
9.855300	  12558.000000	      1.104306
9.867650	  12780.000000	      1.121016
9.880000	  12674.000000	      1.108941
9.892350	  12462.000000	      1.087671
9.904700	  12518.000000	      1.089835
9.917050	  12498.000000	      1.085386
9.929400	  12588.000000	      1.090484
9.941750	  12924.000000	      1.116811
9.954100	  12682.000000	      1.093182
9.966450	  12330.000000	      1.060207
9.978800	  12774.000000	      1.095668
9.991150	  12428.000000	      1.063356
10.003500	  12674.000000	      1.081729
10.015850	  12368.000000	      1.053010
10.028200	  12534.000000	      1.064516
10.040550	  12532.000000	      1.061730
10.052900	  12658.000000	      1.069771
10.065250	  12462.000000	      1.050624
10.077600	  12470.000000	      1.048723
10.089950	  12362.000000	      1.037097
10.102300	  12520.000000	      1.047786
10.114650	  12454.000000	      1.039718
10.127000	  12490.000000	      1.040182
10.139350	  12458.000000	      1.034991
10.151700	  12480.000000	      1.034298
10.164050	  12262.000000	      1.013763
10.176400	  12236.000000	      1.009159
10.188750	  11764.000000	      0.967881
10.201100	  11952.000000	      0.980969
10.213450	  11932.000000	      0.976960
10.225800	  11958.000000	      0.976726
10.238150	  12154.000000	      0.990341
10.250500	  12010.000000	      0.976251
10.262850	  12312.000000	      0.998392
10.275200	  11826.000000	      0.956678
10.287550	  12020.000000	      0.970039
10.299900	  11964.000000	      0.963206
10.312250	  11690.000000	      0.938893
10.324600	  11852.000000	      0.949629
10.336950	  11518.000000	      0.920663
10.349300	  11722.000000	      0.934735
10.361650	  11698.000000	      0.930598
10.374000	  11928.000000	      0.946638
10.386350	  11842.000000	      0.937579
10.398700	  11430.000000	      0.902811
10.411050	  11514.000000	      0.907289
10.423400	  11432.000000	      0.898694
10.435750	  11296.000000	      0.885903
10.448100	  11544.000000	      0.903213
10.460450	  11662.000000	      0.910292
10.472800	  11546.000000	      0.899113
10.485150	  11448.000000	      0.889383
10.497500	  11728.000000	      0.908993
10.509850	  11678.000000	      0.902992
10.522200	  11920.000000	      0.919542
10.534550	  12106.000000	      0.931702
10.546900	  11868.000000	      0.911248
10.559250	  12136.000000	      0.929647
10.571600	  12238.000000	      0.935271
10.583950	  12244.000000	      0.933547
10.596300	  12598.000000	      0.958300
10.608650	  12224.000000	      0.927687
10.621000	  12414.000000	      0.939917
10.633350	  12234.000000	      0.924138
10.645700	  12502.000000	      0.942192
10.658050	  12436.000000	      0.935048
10.670400	  12964.000000	      0.972492
10.682750	  12554.000000	      0.939560
10.695100	  12432.000000	      0.928282
10.707450	  12792.000000	      0.952961
10.719800	  12556.000000	      0.933225
10.732150	  12818.000000	      0.950507
10.744500	  12710.000000	      0.940333
10.756850	  12600.000000	      0.930056
10.769200	  12652.000000	      0.931753
10.781550	  12674.000000	      0.931236
10.793900	  12780.000000	      0.936877
10.806250	  12938.000000	      0.946293
10.818600	  12584.000000	      0.918301
10.830950	  12586.000000	      0.916354
10.843300	  12734.000000	      0.925019
10.855650	  12562.000000	      0.910449
10.868000	  12826.000000	      0.927471
10.880350	  12852.000000	      0.927243
10.892700	  12770.000000	      0.919239
10.905050	  12874.000000	      0.924627
10.917400	  12808.000000	      0.917807
10.929750	  13066.000000	      0.934180
10.942100	  13076.000000	      0.932786
10.954450	  13162.000000	      0.936805
10.966800	  13178.000000	      0.935833
10.979150	  12968.000000	      0.918849
10.991500	  12886.000000	      0.910988
11.003850	  13232.000000	      0.933350
11.016200	  13212.000000	      0.929851
11.028550	  13572.000000	      0.953050
11.040900	  13328.000000	      0.933823
11.053250	  13166.000000	      0.920412
11.065600	  13010.000000	      0.907478
11.077950	  13416.000000	      0.933712
11.090300	  13068.000000	      0.907468
11.102650	  13180.000000	      0.913210
11.115000	  13146.000000	      0.908831
11.127350	  13024.000000	      0.898399
11.139700	  13482.000000	      0.927931
11.152050	  13574.000000	      0.932196
11.164400	  13426.000000	      0.919993
11.176750	  13456.000000	      0.920012
11.189100	  13832.000000	      0.943633
11.201450	  13718.000000	      0.933794
11.213800	  13440.000000	      0.912856
11.226150	  13764.000000	      0.932806
11.238500	  13804.000000	      0.933462
11.250850	  13910.000000	      0.938567
11.263200	  13952.000000	      0.939337
11.275550	  14106.000000	      0.947626
11.287900	  13964.000000	      0.936035
11.300250	  14262.000000	      0.953922
11.312600	  13904.000000	      0.927948
11.324950	  14108.000000	      0.939510
11.337300	  14238.000000	      0.946103
11.349650	  14364.000000	      0.952399
11.362000	  14632.000000	      0.968061
11.374350	  14764.000000	      0.974674
11.386700	  14894.000000	      0.981125
11.399050	  14324.000000	      0.941533
11.411400	  14948.000000	      0.980424
11.423750	  15218.000000	      0.995976
11.436100	  15232.000000	      0.994740
11.448450	  15392.000000	      1.003021
11.460800	  15132.000000	      0.983955
11.473150	  15786.000000	      1.024272
11.485500	  15498.000000	      1.003424
11.497850	  15362.000000	      0.992483
11.510200	  15554.000000	      1.002732
11.522550	  15948.000000	      1.025930
11.534900	  15996.000000	      1.026815
11.547250	  15848.000000	      1.015140
11.559600	  16044.000000	      1.025500
11.571950	  16196.000000	      1.033007
11.584300	  16068.000000	      1.022659
11.596650	  16610.000000	      1.054904
11.609000	  16846.000000	      1.067618
11.621350	  16832.000000	      1.064464
11.633700	  17168.000000	      1.083409
11.646050	  17100.000000	      1.076831
11.658400	  17264.000000	      1.084856
11.670750	  16982.000000	      1.064878
11.683100	  17486.000000	      1.094165
11.695450	  17446.000000	      1.089358
11.707800	  17486.000000	      1.089553
11.720150	  17546.000000	      1.090989
11.732500	  17644.000000	      1.094774
11.744850	  17430.000000	      1.079223
11.757200	  17408.000000	      1.075597
11.769550	  17740.000000	      1.093812
11.781900	  17862.000000	      1.099026
11.794250	  17624.000000	      1.082112
11.806600	  17540.000000	      1.074703
11.818950	  17372.000000	      1.062186
11.831300	  17758.000000	      1.083522
11.843650	  17428.000000	      1.061170
11.856000	  17848.000000	      1.084481
11.868350	  17858.000000	      1.082831
11.880700	  17532.000000	      1.060855
11.893050	  17734.000000	      1.070850
11.905400	  17752.000000	      1.069715
11.917750	  17802.000000	      1.070505
11.930100	  17774.000000	      1.066610
11.942450	  17936.000000	      1.074106
11.954800	  17948.000000	      1.072605
11.967150	  18262.000000	      1.089119
11.979500	  18416.000000	      1.096040
11.991850	  18084.000000	      1.074065
12.004200	  17880.000000	      1.059765
12.016550	  18382.000000	      1.087281
12.028900	  18346.000000	      1.082924
12.041250	  18672.000000	      1.099908
12.053600	  18376.000000	      1.080254
12.065950	  18276.000000	      1.072178
12.078300	  18194.000000	      1.065185
12.090650	  18266.000000	      1.067217
12.103000	  18538.000000	      1.080900
12.115350	  18552.000000	      1.079512
12.127700	  18506.000000	      1.074643
12.140050	  18610.000000	      1.078485
12.152400	  18620.000000	      1.076872
12.164750	  18522.000000	      1.069031
12.177100	  18694.000000	      1.076770
12.189450	  18544.000000	      1.065967
12.201800	  18380.000000	      1.054402
12.214150	  18570.000000	      1.063149
12.226500	  18838.000000	      1.076314
12.238850	  18750.000000	      1.069125
12.251200	  18984.000000	      1.080287
12.263550	  18724.000000	      1.063347
12.275900	  19020.000000	      1.077984
12.288250	  18468.000000	      1.044596
12.300600	  18912.000000	      1.067563
12.312950	  19060.000000	      1.073760
12.325300	  19004.000000	      1.068461
12.337650	  18326.000000	      1.028280
