0.000000	2.725049	0.095295	2.629754
0.001000	2.758943	0.156879	2.602064
0.002000	2.790899	0.214436	2.576463
0.003000	2.820892	0.267846	2.553046
0.004000	2.848763	0.316854	2.531909
0.005000	2.874377	0.361242	2.513134
0.006000	2.897671	0.400871	2.496800
0.007000	2.918602	0.435627	2.482975
0.008000	2.937032	0.465313	2.471719
0.009000	2.952909	0.489825	2.463084
0.010000	2.966232	0.509122	2.457109
0.011000	2.976869	0.523042	2.453827
0.012000	2.984810	0.531552	2.453258
0.013000	2.990057	0.534645	2.455412
0.014000	2.992547	0.532257	2.460289
0.015000	2.992321	0.524441	2.467880
0.016000	2.989311	0.511150	2.478161
0.017000	2.983596	0.492493	2.491102
0.018000	2.975169	0.468508	2.506661
0.019000	2.964085	0.439299	2.524786
0.020000	2.950346	0.404931	2.545415
0.021000	2.934054	0.365575	2.568479
0.022000	2.915264	0.321367	2.593897
0.023000	2.894042	0.272459	2.621583
0.024000	2.870465	0.219022	2.651443
0.025000	2.844643	0.161269	2.683374
0.026000	2.816641	0.099372	2.717269
0.027000	2.786567	0.033552	2.753015
0.028000	2.754546	-0.035948	2.790494
0.029000	2.720674	-0.108911	2.829585
0.030000	2.685059	-0.185103	2.870162
0.031000	2.647846	-0.264252	2.912099
0.032000	2.609161	-0.346103	2.955264
0.033000	2.569152	-0.430378	2.999531
0.034000	2.527922	-0.516844	3.044766
0.035000	2.485621	-0.605220	3.090841
0.036000	2.442351	-0.695277	3.137628
0.037000	2.398226	-0.786771	3.184997
0.038000	2.353400	-0.879425	3.232826
0.039000	2.308021	-0.972969	3.280990
0.040000	2.262200	-1.067173	3.329372
0.041000	2.216040	-1.161817	3.377857
0.042000	2.169672	-1.256661	3.426333
0.043000	2.123196	-1.351497	3.474693
0.044000	2.076730	-1.446106	3.522835
0.045000	2.030374	-1.540289	3.570663
0.046000	1.984254	-1.633829	3.618083
0.047000	1.938436	-1.726574	3.665010
0.048000	1.893023	-1.818339	3.711362
0.049000	1.848084	-1.908978	3.757063
0.050000	1.803727	-1.998316	3.802043
0.051000	1.760002	-2.086236	3.846238
0.052000	1.717001	-2.172586	3.889587
0.053000	1.674764	-2.257273	3.932037
0.054000	1.633348	-2.340190	3.973538
0.055000	1.592820	-2.421229	4.014049
0.056000	1.553202	-2.500325	4.053527
0.057000	1.514567	-2.577375	4.091942
0.058000	1.476941	-2.652324	4.129265
0.059000	1.440350	-2.725119	4.165469
0.060000	1.404827	-2.795707	4.200534
0.061000	1.370383	-2.864063	4.234446
0.062000	1.337059	-2.930130	4.267190
0.063000	1.304855	-2.993904	4.298759
0.064000	1.273803	-3.055344	4.329147
0.065000	1.243893	-3.114460	4.358354
0.066000	1.215128	-3.171249	4.386378
0.067000	1.187505	-3.225720	4.413225
0.068000	1.161035	-3.277865	4.438900
0.069000	1.135711	-3.327703	4.463414
0.070000	1.111525	-3.375250	4.486775
0.071000	1.088467	-3.420531	4.508998
0.072000	1.066527	-3.463570	4.530097
0.073000	1.045690	-3.504399	4.550089
0.074000	1.025942	-3.543049	4.568991
0.075000	1.007266	-3.579557	4.586823
0.076000	0.989647	-3.613957	4.603604
0.077000	0.973060	-3.646296	4.619356
0.078000	0.957492	-3.676610	4.634102
0.079000	0.942921	-3.704943	4.647864
0.080000	0.929322	-3.731343	4.660665
0.081000	0.916673	-3.755856	4.672529
0.082000	0.904954	-3.778528	4.683482
0.083000	0.894141	-3.799406	4.693547
0.084000	0.884208	-3.818542	4.702750
0.085000	0.875131	-3.835983	4.711114
0.086000	0.866888	-3.851779	4.718666
0.087000	0.859450	-3.865979	4.725430
0.088000	0.852798	-3.878632	4.731431
0.089000	0.846907	-3.889787	4.736693
0.090000	0.841750	-3.899493	4.741243
0.091000	0.837305	-3.907798	4.745102
0.092000	0.833547	-3.914749	4.748296
0.093000	0.830453	-3.920396	4.750849
0.094000	0.827999	-3.924783	4.752782
0.095000	0.826165	-3.927957	4.754121
0.096000	0.824923	-3.929963	4.754885
0.097000	0.824255	-3.930844	4.755099
0.098000	0.824137	-3.930645	4.754783
0.099000	0.824550	-3.929408	4.753958
0.100000	0.825471	-3.927175	4.752645
0.101000	0.826881	-3.923985	4.750865
0.102000	0.828759	-3.919878	4.748637
0.103000	0.831085	-3.914894	4.745979
0.104000	0.833842	-3.909069	4.742911
0.105000	0.837010	-3.902440	4.739450
0.106000	0.840571	-3.895043	4.735614
0.107000	0.844510	-3.886912	4.731421
0.108000	0.848803	-3.878083	4.726886
0.109000	0.853441	-3.868586	4.722027
0.110000	0.858405	-3.858453	4.716857
0.111000	0.863678	-3.847715	4.711393
0.112000	0.869249	-3.836400	4.705649
0.113000	0.875099	-3.824540	4.699639
0.114000	0.881217	-3.812160	4.693377
0.115000	0.887588	-3.799289	4.686876
0.116000	0.894200	-3.785949	4.680148
0.117000	0.901039	-3.772168	4.673207
0.118000	0.908092	-3.757971	4.666063
0.119000	0.915348	-3.743380	4.658728
0.120000	0.922796	-3.728417	4.651213
0.121000	0.930425	-3.713103	4.643528
0.122000	0.938226	-3.697460	4.635686
0.123000	0.946184	-3.681508	4.627693
0.124000	0.954294	-3.665267	4.619561
0.125000	0.962543	-3.648756	4.611299
0.126000	0.970923	-3.631990	4.602913
0.127000	0.979428	-3.614988	4.594415
0.128000	0.988046	-3.597765	4.585811
0.129000	0.996773	-3.580336	4.577109
0.130000	1.005597	-3.562721	4.568318
0.131000	1.014513	-3.544930	4.559443
0.132000	1.023513	-3.526978	4.550491
0.133000	1.032590	-3.508879	4.541470
0.134000	1.041734	-3.490650	4.532384
0.135000	1.050946	-3.472296	4.523242
0.136000	1.060216	-3.453832	4.514048
0.137000	1.069536	-3.435270	4.504807
0.138000	1.078905	-3.416620	4.495525
0.139000	1.088313	-3.397895	4.486208
0.140000	1.097759	-3.379100	4.476859
0.141000	1.107238	-3.360246	4.467484
0.142000	1.116741	-3.341346	4.458087
0.143000	1.126268	-3.322404	4.448672
0.144000	1.135812	-3.303432	4.439243
0.145000	1.145372	-3.284432	4.429805
0.146000	1.154940	-3.265420	4.420360
0.147000	1.164515	-3.246397	4.410912
0.148000	1.174092	-3.227373	4.401465
0.149000	1.183669	-3.208352	4.392021
0.150000	1.193240	-3.189344	4.382584
0.151000	1.202808	-3.170349	4.373157
0.152000	1.212363	-3.151378	4.363741
0.153000	1.221909	-3.132433	4.354342
0.154000	1.231438	-3.113521	4.344959
0.155000	1.240952	-3.094645	4.335597
0.156000	1.250444	-3.075812	4.326256
0.157000	1.259916	-3.057023	4.316939
0.158000	1.269363	-3.038286	4.307649
0.159000	1.278784	-3.019601	4.298385
0.160000	1.288177	-3.000975	4.289152
0.161000	1.297541	-2.982409	4.279951
0.162000	1.306872	-2.963910	4.270782
0.163000	1.316174	-2.945475	4.261649
0.164000	1.325436	-2.927114	4.252550
0.165000	1.334668	-2.908821	4.243490
0.166000	1.343860	-2.890608	4.234468
0.167000	1.353015	-2.872470	4.225486
0.168000	1.362133	-2.854412	4.216545
0.169000	1.371206	-2.836440	4.207645
0.170000	1.380240	-2.818549	4.198789
0.171000	1.389230	-2.800747	4.189977
0.172000	1.398177	-2.783032	4.181209
0.173000	1.407076	-2.765411	4.172487
0.174000	1.415931	-2.747880	4.163811
0.175000	1.424737	-2.730445	4.155182
0.176000	1.433500	-2.713101	4.146601
0.177000	1.442216	-2.695851	4.138068
0.178000	1.450883	-2.678700	4.129583
0.179000	1.459501	-2.661647	4.121149
0.180000	1.468067	-2.644696	4.112763
0.181000	1.476585	-2.627842	4.104427
0.182000	1.485054	-2.611087	4.096142
0.183000	1.493471	-2.594437	4.087908
0.184000	1.501837	-2.577888	4.079725
0.185000	1.510154	-2.561439	4.071594
0.186000	1.518417	-2.545096	4.063513
0.187000	1.526629	-2.528856	4.055485
0.188000	1.534793	-2.512716	4.047509
0.189000	1.542900	-2.496684	4.039585
0.190000	1.550958	-2.480755	4.031713
0.191000	1.558963	-2.464930	4.023893
0.192000	1.566912	-2.449214	4.016126
0.193000	1.574811	-2.433600	4.008411
0.194000	1.582659	-2.418090	4.000749
0.195000	1.590456	-2.402684	3.993139
0.196000	1.598196	-2.387386	3.985581
0.197000	1.605885	-2.372192	3.978077
0.198000	1.613524	-2.357101	3.970624
0.199000	1.621109	-2.342114	3.963224
0.200000	1.628640	-2.327236	3.955876
0.201000	1.636117	-2.312463	3.948580
0.202000	1.643544	-2.297791	3.941336
0.203000	1.650921	-2.283223	3.934144
0.204000	1.658244	-2.268759	3.927003
0.205000	1.665518	-2.254396	3.919914
0.206000	1.672737	-2.240140	3.912877
0.207000	1.679905	-2.225986	3.905890
0.208000	1.687021	-2.211934	3.898954
0.209000	1.694088	-2.197983	3.892071
0.210000	1.701103	-2.184133	3.885236
0.211000	1.708068	-2.170384	3.878453
0.212000	1.714984	-2.156736	3.871720
0.213000	1.721850	-2.143186	3.865036
0.214000	1.728666	-2.129736	3.858402
0.215000	1.735434	-2.116384	3.851818
0.216000	1.742150	-2.103133	3.845282
0.217000	1.748812	-2.089983	3.838796
0.218000	1.755427	-2.076932	3.832359
0.219000	1.761993	-2.063976	3.825969
0.220000	1.768512	-2.051116	3.819628
0.221000	1.774982	-2.038353	3.813335
0.222000	1.781404	-2.025685	3.807089
0.223000	1.787778	-2.013112	3.800890
0.224000	1.794110	-2.000628	3.794739
0.225000	1.800394	-1.988239	3.788633
0.226000	1.806630	-1.975944	3.782574
0.227000	1.812821	-1.963740	3.776561
0.228000	1.818966	-1.951628	3.770595
0.229000	1.825064	-1.939609	3.764673
0.230000	1.831116	-1.927681	3.758797
0.231000	1.837123	-1.915842	3.752965
0.232000	1.843086	-1.904092	3.747178
0.233000	1.849001	-1.892434	3.741435
0.234000	1.854874	-1.880862	3.735736
0.235000	1.860706	-1.869375	3.730080
0.236000	1.866492	-1.857977	3.724468
0.237000	1.872235	-1.846664	3.718899
0.238000	1.877934	-1.835438	3.713372
0.239000	1.883591	-1.824297	3.707887
0.240000	1.889207	-1.813238	3.702445
0.241000	1.894782	-1.802263	3.697045
0.242000	1.900314	-1.791371	3.691685
0.243000	1.905804	-1.780562	3.686367
0.244000	1.911251	-1.769837	3.681089
0.245000	1.916661	-1.759190	3.675851
0.246000	1.922029	-1.748625	3.670654
0.247000	1.927356	-1.738140	3.665496
0.248000	1.932644	-1.727735	3.660378
0.249000	1.937893	-1.717407	3.655300
0.250000	1.943104	-1.707155	3.650259
0.251000	1.948274	-1.696983	3.645257
0.252000	1.953408	-1.686886	3.640294
0.253000	1.958504	-1.676865	3.635369
0.254000	1.963561	-1.666920	3.630481
0.255000	1.968582	-1.657049	3.625631
0.256000	1.973564	-1.647253	3.620817
0.257000	1.978509	-1.637531	3.616040
0.258000	1.983418	-1.627881	3.611299
0.259000	1.988291	-1.618304	3.606594
0.260000	1.993127	-1.608799	3.601926
0.261000	1.997928	-1.599364	3.597292
0.262000	2.002693	-1.590001	3.592694
0.263000	2.007425	-1.580706	3.588131
0.264000	2.012121	-1.571481	3.583602
0.265000	2.016781	-1.562327	3.579108
0.266000	2.021408	-1.553240	3.574648
0.267000	2.026000	-1.544222	3.570221
0.268000	2.030559	-1.535269	3.565828
0.269000	2.035084	-1.526384	3.561468
0.270000	2.039579	-1.517562	3.557141
0.271000	2.044039	-1.508807	3.552846
0.272000	2.048469	-1.500115	3.548584
0.273000	2.052864	-1.491490	3.544354
0.274000	2.057229	-1.482927	3.540155
0.275000	2.061561	-1.474428	3.535989
0.276000	2.065863	-1.465990	3.531853
0.277000	2.070131	-1.457617	3.527748
0.278000	2.074371	-1.449303	3.523674
0.279000	2.078579	-1.441052	3.519630
0.280000	2.082757	-1.432860	3.515617
0.281000	2.086904	-1.424729	3.511633
0.282000	2.091023	-1.416656	3.507680
0.283000	2.095114	-1.408641	3.503756
0.284000	2.099174	-1.400686	3.499860
0.285000	2.103205	-1.392789	3.495994
0.286000	2.107206	-1.384950	3.492156
0.287000	2.111180	-1.377167	3.488347
0.288000	2.115123	-1.369443	3.484566
0.289000	2.119041	-1.361772	3.480813
0.290000	2.122931	-1.354156	3.477087
0.291000	2.126792	-1.346597	3.473389
0.292000	2.130627	-1.339091	3.469718
0.293000	2.134436	-1.331639	3.466074
0.294000	2.138216	-1.324241	3.462457
0.295000	2.141970	-1.316896	3.458866
0.296000	2.145699	-1.309603	3.455302
0.297000	2.149400	-1.302363	3.451764
0.298000	2.153076	-1.295175	3.448251
0.299000	2.156727	-1.288037	3.444764
0.300000	2.160351	-1.280952	3.441303
0.301000	2.163950	-1.273916	3.437866
0.302000	2.167524	-1.266930	3.434454
0.303000	2.171077	-1.259991	3.431068
0.304000	2.174602	-1.253104	3.427707
0.305000	2.178104	-1.246265	3.424369
0.306000	2.181582	-1.239473	3.421055
0.307000	2.185034	-1.232731	3.417765
0.308000	2.188463	-1.226036	3.414499
0.309000	2.191869	-1.219387	3.411256
0.310000	2.195252	-1.212785	3.408037
0.311000	2.198614	-1.206227	3.404841
0.312000	2.201950	-1.199717	3.401667
0.313000	2.205264	-1.193253	3.398516
0.314000	2.208556	-1.186832	3.395388
0.315000	2.211828	-1.180455	3.392283
0.316000	2.215074	-1.174125	3.389199
0.317000	2.218298	-1.167839	3.386137
0.318000	2.221503	-1.161595	3.383097
0.319000	2.224685	-1.155393	3.380079
0.320000	2.227848	-1.149234	3.377082
0.321000	2.230989	-1.143116	3.374106
0.322000	2.234107	-1.137043	3.371151
0.323000	2.237205	-1.131012	3.368217
0.324000	2.240282	-1.125021	3.365303
0.325000	2.243340	-1.119071	3.362410
0.326000	2.246377	-1.113161	3.359538
0.327000	2.249394	-1.107291	3.356685
0.328000	2.252393	-1.101460	3.353853
0.329000	2.255370	-1.095670	3.351040
0.330000	2.258327	-1.089919	3.348247
0.331000	2.261266	-1.084207	3.345473
0.332000	2.264186	-1.078533	3.342719
0.333000	2.267086	-1.072899	3.339984
0.334000	2.269966	-1.067302	3.337268
0.335000	2.272829	-1.061742	3.334571
0.336000	2.275673	-1.056219	3.331892
0.337000	2.278500	-1.050732	3.329232
0.338000	2.281309	-1.045282	3.326590
0.339000	2.284099	-1.039868	3.323967
0.340000	2.286871	-1.034490	3.321361
0.341000	2.289624	-1.029150	3.318774
0.342000	2.292359	-1.023845	3.316204
0.343000	2.295077	-1.018575	3.313652
0.344000	2.297778	-1.013340	3.311117
0.345000	2.300461	-1.008139	3.308600
0.346000	2.303127	-1.002973	3.306100
0.347000	2.305777	-0.997840	3.303617
0.348000	2.308410	-0.992740	3.301150
0.349000	2.311028	-0.987674	3.298701
0.350000	2.313628	-0.982641	3.296269
0.351000	2.316212	-0.977640	3.293852
0.352000	2.318779	-0.972673	3.291452
0.353000	2.321330	-0.967738	3.289068
0.354000	2.323866	-0.962834	3.286701
0.355000	2.326386	-0.957963	3.284349
0.356000	2.328891	-0.953123	3.282013
0.357000	2.331379	-0.948314	3.279693
0.358000	2.333852	-0.943536	3.277389
0.359000	2.336310	-0.938789	3.275100
0.360000	2.338752	-0.934073	3.272825
0.361000	2.341181	-0.929386	3.270567
0.362000	2.343595	-0.924728	3.268323
0.363000	2.345994	-0.920101	3.266095
0.364000	2.348378	-0.915503	3.263881
0.365000	2.350748	-0.910934	3.261682
0.366000	2.353104	-0.906394	3.259498
0.367000	2.355444	-0.901883	3.257328
0.368000	2.357772	-0.897401	3.255172
0.369000	2.360084	-0.892947	3.253031
0.370000	2.362373	-0.888531	3.250904
0.371000	2.364571	-0.884220	3.248791
0.372000	2.366719	-0.879972	3.246692
0.373000	2.368855	-0.875752	3.244606
0.374000	2.370975	-0.871559	3.242534
0.375000	2.373082	-0.867394	3.240476
0.376000	2.375176	-0.863256	3.238432
0.377000	2.377255	-0.859145	3.236401
0.378000	2.379321	-0.855062	3.234383
0.379000	2.381373	-0.851004	3.232378
0.380000	2.383413	-0.846974	3.230386
0.381000	2.385440	-0.842968	3.228408
0.382000	2.387454	-0.838988	3.226442
0.383000	2.389454	-0.835035	3.224489
0.384000	2.391442	-0.831106	3.222548
0.385000	2.393416	-0.827204	3.220620
0.386000	2.395378	-0.823327	3.218705
0.387000	2.397326	-0.819476	3.216802
0.388000	2.399264	-0.815647	3.214911
0.389000	2.401189	-0.811844	3.213033
0.390000	2.403101	-0.808066	3.211167
0.391000	2.405001	-0.804311	3.209312
0.392000	2.406889	-0.800581	3.207470
0.393000	2.408765	-0.796874	3.205639
0.394000	2.410630	-0.793190	3.203821
0.395000	2.412483	-0.789531	3.202013
0.396000	2.414323	-0.785895	3.200217
0.397000	2.416151	-0.782282	3.198433
0.398000	2.417970	-0.778691	3.196661
0.399000	2.419776	-0.775123	3.194899
0.400000	2.421571	-0.771578	3.193149
0.401000	2.423353	-0.768056	3.191410
0.402000	2.425125	-0.764557	3.189682
0.403000	2.426887	-0.761078	3.187965
0.404000	2.428637	-0.757622	3.186259
0.405000	2.430375	-0.754188	3.184563
0.406000	2.432102	-0.750776	3.182878
0.407000	2.433820	-0.747384	3.181204
0.408000	2.435527	-0.744014	3.179541
0.409000	2.437222	-0.740665	3.177888
0.410000	2.438907	-0.737338	3.176245
0.411000	2.440582	-0.734031	3.174613
0.412000	2.442246	-0.730744	3.172991
0.413000	2.443900	-0.727479	3.171379
0.414000	2.445543	-0.724235	3.169777
0.415000	2.447176	-0.721009	3.168185
0.416000	2.448800	-0.717804	3.166604
0.417000	2.450413	-0.714618	3.165032
0.418000	2.452016	-0.711454	3.163471
0.419000	2.453610	-0.708308	3.161918
0.420000	2.455193	-0.705182	3.160375
0.421000	2.456767	-0.702076	3.158842
0.422000	2.458332	-0.698988	3.157319
0.423000	2.459886	-0.695919	3.155805
0.424000	2.461431	-0.692870	3.154301
0.425000	2.462966	-0.689839	3.152805
0.426000	2.464492	-0.686827	3.151319
0.427000	2.466009	-0.683833	3.149843
0.428000	2.467516	-0.680859	3.148375
0.429000	2.469015	-0.677902	3.146917
0.430000	2.470504	-0.674964	3.145468
0.431000	2.471983	-0.672044	3.144027
0.432000	2.473454	-0.669141	3.142596
0.433000	2.474916	-0.666257	3.141173
0.434000	2.476368	-0.663390	3.139759
0.435000	2.477813	-0.660540	3.138353
0.436000	2.479248	-0.657708	3.136956
0.437000	2.480674	-0.654894	3.135568
0.438000	2.482092	-0.652097	3.134188
0.439000	2.483501	-0.649316	3.132817
0.440000	2.484901	-0.646554	3.131455
0.441000	2.486293	-0.643807	3.130100
0.442000	2.487678	-0.641077	3.128754
0.443000	2.489053	-0.638363	3.127416
0.444000	2.490421	-0.635666	3.126087
0.445000	2.491779	-0.632986	3.124765
0.446000	2.493131	-0.630321	3.123452
0.447000	2.494473	-0.627673	3.122146
0.448000	2.495808	-0.625041	3.120849
0.449000	2.497134	-0.622425	3.119559
0.450000	2.498452	-0.619825	3.118277
0.451000	2.499763	-0.617239	3.117003
0.452000	2.501067	-0.614670	3.115737
0.453000	2.502361	-0.612117	3.114478
0.454000	2.503649	-0.609579	3.113227
0.455000	2.504928	-0.607056	3.111984
0.456000	2.506199	-0.604549	3.110748
0.457000	2.507463	-0.602057	3.109520
0.458000	2.508720	-0.599579	3.108299
0.459000	2.509969	-0.597116	3.107085
0.460000	2.511211	-0.594669	3.105880
0.461000	2.512444	-0.592237	3.104681
0.462000	2.513671	-0.589818	3.103489
0.463000	2.514889	-0.587415	3.102305
0.464000	2.516102	-0.585025	3.101128
0.465000	2.517307	-0.582651	3.099957
0.466000	2.518504	-0.580290	3.098794
0.467000	2.519694	-0.577944	3.097638
0.468000	2.520877	-0.575612	3.096489
0.469000	2.522053	-0.573294	3.095347
0.470000	2.523222	-0.570990	3.094212
0.471000	2.524385	-0.568698	3.093083
0.472000	2.525540	-0.566421	3.091962
0.473000	2.526689	-0.564157	3.090847
0.474000	2.527830	-0.561908	3.089738
0.475000	2.528965	-0.559672	3.088637
0.476000	2.530093	-0.557449	3.087542
0.477000	2.531214	-0.555240	3.086453
0.478000	2.532329	-0.553043	3.085371
0.479000	2.533436	-0.550860	3.084296
0.480000	2.534538	-0.548690	3.083227
0.481000	2.535633	-0.546533	3.082165
0.482000	2.536721	-0.544388	3.081109
0.483000	2.537803	-0.542256	3.080059
0.484000	2.538879	-0.540137	3.079016
0.485000	2.539948	-0.538031	3.077979
0.486000	2.541011	-0.535937	3.076948
0.487000	2.542067	-0.533855	3.075923
0.488000	2.543118	-0.531787	3.074904
0.489000	2.544161	-0.529730	3.073892
0.490000	2.545198	-0.527687	3.072885
0.491000	2.546230	-0.525655	3.071885
0.492000	2.547255	-0.523635	3.070890
0.493000	2.548274	-0.521628	3.069902
0.494000	2.549287	-0.519632	3.068919
0.495000	2.550294	-0.517649	3.067943
0.496000	2.551295	-0.515677	3.066972
0.497000	2.552290	-0.513716	3.066007
0.498000	2.553279	-0.511768	3.065048
0.499000	2.554263	-0.509831	3.064094
0.500000	2.555240	-0.507906	3.063146
0.501000	2.556212	-0.505992	3.062204
0.502000	2.557178	-0.504090	3.061268
0.503000	2.558138	-0.502199	3.060337
0.504000	2.559093	-0.500319	3.059412
0.505000	2.560042	-0.498450	3.058492
0.506000	2.560985	-0.496593	3.057578
0.507000	2.561922	-0.494747	3.056669
0.508000	2.562855	-0.492912	3.055766
0.509000	2.563781	-0.491087	3.054868
0.510000	2.564702	-0.489273	3.053976
0.511000	2.565618	-0.487471	3.053088
0.512000	2.566528	-0.485678	3.052207
0.513000	2.567433	-0.483897	3.051330
0.514000	2.568333	-0.482126	3.050459
0.515000	2.569227	-0.480366	3.049593
0.516000	2.570116	-0.478617	3.048732
0.517000	2.570998	-0.476878	3.047876
0.518000	2.571877	-0.475149	3.047026
0.519000	2.572749	-0.473432	3.046181
0.520000	2.573617	-0.471724	3.045341
0.521000	2.574479	-0.470026	3.044505
0.522000	2.575337	-0.468338	3.043675
0.523000	2.576190	-0.466660	3.042850
0.524000	2.577037	-0.464993	3.042030
0.525000	2.577879	-0.463336	3.041215
0.526000	2.578716	-0.461689	3.040405
0.527000	2.579548	-0.460051	3.039599
0.528000	2.580375	-0.458424	3.038799
0.529000	2.581197	-0.456806	3.038003
0.530000	2.582014	-0.455199	3.037213
0.531000	2.582826	-0.453601	3.036427
0.532000	2.583633	-0.452012	3.035645
0.533000	2.584435	-0.450433	3.034868
0.534000	2.585233	-0.448863	3.034097
0.535000	2.586026	-0.447304	3.033330
0.536000	2.586814	-0.445753	3.032568
0.537000	2.587597	-0.444213	3.031810
0.538000	2.588375	-0.442681	3.031056
0.539000	2.589149	-0.441158	3.030308
0.540000	2.589918	-0.439646	3.029563
0.541000	2.590683	-0.438141	3.028824
0.542000	2.591442	-0.436647	3.028089
0.543000	2.592198	-0.435161	3.027359
0.544000	2.592947	-0.433685	3.026632
0.545000	2.593693	-0.432217	3.025911
0.546000	2.594435	-0.430759	3.025194
0.547000	2.595171	-0.429309	3.024481
0.548000	2.595904	-0.427869	3.023772
0.549000	2.596632	-0.426437	3.023069
0.550000	2.597355	-0.425014	3.022369
0.551000	2.598075	-0.423599	3.021674
0.552000	2.598789	-0.422194	3.020983
0.553000	2.599499	-0.420797	3.020296
0.554000	2.600204	-0.419409	3.019613
0.555000	2.600906	-0.418029	3.018935
0.556000	2.601603	-0.416658	3.018261
0.557000	2.602296	-0.415295	3.017591
0.558000	2.602984	-0.413941	3.016925
0.559000	2.603668	-0.412596	3.016264
0.560000	2.604348	-0.411258	3.015606
0.561000	2.605024	-0.409929	3.014953
0.562000	2.605695	-0.408609	3.014304
0.563000	2.606363	-0.407296	3.013659
0.564000	2.607025	-0.405992	3.013017
0.565000	2.607684	-0.404696	3.012380
0.566000	2.608340	-0.403408	3.011747
0.567000	2.608990	-0.402128	3.011118
0.568000	2.609637	-0.400856	3.010493
0.569000	2.610280	-0.399592	3.009872
0.570000	2.610918	-0.398337	3.009254
0.571000	2.611552	-0.397089	3.008641
0.572000	2.612183	-0.395849	3.008032
0.573000	2.612810	-0.394617	3.007427
0.574000	2.613432	-0.393393	3.006825
0.575000	2.614051	-0.392176	3.006227
0.576000	2.614665	-0.390968	3.005633
0.577000	2.615276	-0.389767	3.005043
0.578000	2.615882	-0.388574	3.004457
0.579000	2.616485	-0.387389	3.003874
0.580000	2.617084	-0.386211	3.003295
0.581000	2.617679	-0.385041	3.002720
0.582000	2.618271	-0.383878	3.002149
0.583000	2.618858	-0.382723	3.001581
0.584000	2.619441	-0.381576	3.001017
0.585000	2.620022	-0.380435	3.000457
0.586000	2.620598	-0.379302	2.999900
0.587000	2.621170	-0.378177	2.999347
0.588000	2.621738	-0.377060	2.998798
0.589000	2.622303	-0.375949	2.998252
0.590000	2.622864	-0.374846	2.997710
0.591000	2.623421	-0.373750	2.997171
0.592000	2.623976	-0.372661	2.996637
0.593000	2.624525	-0.371580	2.996105
0.594000	2.625072	-0.370506	2.995578
0.595000	2.625615	-0.369439	2.995053
0.596000	2.626153	-0.368379	2.994533
0.597000	2.626689	-0.367326	2.994015
0.598000	2.627220	-0.366280	2.993501
0.599000	2.627749	-0.365242	2.992991
0.600000	2.628273	-0.364210	2.992484
0.601000	2.628794	-0.363186	2.991980
0.602000	2.629312	-0.362168	2.991480
0.603000	2.629826	-0.361158	2.990984
0.604000	2.630337	-0.360154	2.990490
0.605000	2.630844	-0.359157	2.990001
0.606000	2.631347	-0.358167	2.989514
0.607000	2.631847	-0.357184	2.989031
0.608000	2.632344	-0.356208	2.988551
0.609000	2.632837	-0.355238	2.988075
0.610000	2.633327	-0.354275	2.987602
0.611000	2.633813	-0.353320	2.987132
0.612000	2.634295	-0.352371	2.986666
0.613000	2.634775	-0.351428	2.986203
0.614000	2.635251	-0.350492	2.985743
0.615000	2.635723	-0.349563	2.985286
0.616000	2.636192	-0.348640	2.984833
0.617000	2.636658	-0.347724	2.984382
0.618000	2.637120	-0.346815	2.983935
0.619000	2.637580	-0.345912	2.983492
0.620000	2.638036	-0.345015	2.983052
0.621000	2.638488	-0.344126	2.982614
0.622000	2.638937	-0.343243	2.982180
0.623000	2.639383	-0.342365	2.981749
0.624000	2.639826	-0.341495	2.981321
0.625000	2.640265	-0.340631	2.980896
0.626000	2.640701	-0.339773	2.980475
0.627000	2.641134	-0.338922	2.980056
0.628000	2.641563	-0.338077	2.979640
0.629000	2.641990	-0.337239	2.979229
0.630000	2.642414	-0.336406	2.978820
0.631000	2.642834	-0.335580	2.978414
0.632000	2.643250	-0.334760	2.978011
0.633000	2.643665	-0.333947	2.977611
0.634000	2.644075	-0.333140	2.977214
0.635000	2.644482	-0.332339	2.976821
0.636000	2.644886	-0.331544	2.976430
0.637000	2.645288	-0.330755	2.976043
0.638000	2.645685	-0.329973	2.975658
0.639000	2.646080	-0.329196	2.975276
0.640000	2.646472	-0.328426	2.974897
0.641000	2.646860	-0.327662	2.974521
0.642000	2.647245	-0.326904	2.974149
0.643000	2.647627	-0.326152	2.973779
0.644000	2.648007	-0.325406	2.973413
0.645000	2.648383	-0.324666	2.973049
0.646000	2.648756	-0.323932	2.972687
0.647000	2.649127	-0.323203	2.972330
0.648000	2.649494	-0.322481	2.971975
0.649000	2.649858	-0.321765	2.971623
0.650000	2.650219	-0.321055	2.971274
0.651000	2.650577	-0.320351	2.970927
0.652000	2.650932	-0.319652	2.970584
0.653000	2.651284	-0.318960	2.970244
0.654000	2.651633	-0.318273	2.969906
0.655000	2.651979	-0.317593	2.969571
0.656000	2.652322	-0.316918	2.969239
0.657000	2.652662	-0.316249	2.968910
0.658000	2.652999	-0.315585	2.968584
0.659000	2.653333	-0.314928	2.968261
0.660000	2.653664	-0.314277	2.967941
0.661000	2.653992	-0.313631	2.967623
0.662000	2.654317	-0.312991	2.967308
0.663000	2.654640	-0.312356	2.966996
0.664000	2.654959	-0.311727	2.966687
0.665000	2.655276	-0.311105	2.966381
0.666000	2.655589	-0.310487	2.966077
0.667000	2.655900	-0.309876	2.965776
0.668000	2.656208	-0.309270	2.965478
0.669000	2.656513	-0.308670	2.965183
0.670000	2.656815	-0.308075	2.964890
0.671000	2.657114	-0.307486	2.964600
0.672000	2.657410	-0.306903	2.964313
0.673000	2.657704	-0.306325	2.964029
0.674000	2.657995	-0.305753	2.963748
0.675000	2.658282	-0.305186	2.963469
0.676000	2.658567	-0.304625	2.963192
0.677000	2.658849	-0.304070	2.962919
0.678000	2.659128	-0.303520	2.962648
0.679000	2.659405	-0.302976	2.962381
0.680000	2.659679	-0.302437	2.962116
0.681000	2.659949	-0.301904	2.961853
0.682000	2.660217	-0.301376	2.961593
0.683000	2.660482	-0.300854	2.961336
0.684000	2.660744	-0.300337	2.961082
0.685000	2.661004	-0.299827	2.960830
0.686000	2.661260	-0.299321	2.960581
0.687000	2.661514	-0.298820	2.960335
0.688000	2.661765	-0.298325	2.960091
0.689000	2.662014	-0.297836	2.959850
0.690000	2.662259	-0.297352	2.959611
0.691000	2.662502	-0.296874	2.959375
0.692000	2.662742	-0.296400	2.959142
0.693000	2.662980	-0.295933	2.958912
0.694000	2.663214	-0.295470	2.958684
0.695000	2.663446	-0.295013	2.958459
0.696000	2.663675	-0.294562	2.958237
0.697000	2.663902	-0.294116	2.958017
0.698000	2.664125	-0.293675	2.957800
0.699000	2.664346	-0.293239	2.957585
0.700000	2.664564	-0.292809	2.957373
0.701000	2.664779	-0.292384	2.957164
0.702000	2.664993	-0.291965	2.956957
0.703000	2.665202	-0.291550	2.956753
0.704000	2.665410	-0.291142	2.956552
0.705000	2.665615	-0.290738	2.956353
0.706000	2.665817	-0.290340	2.956156
0.707000	2.666016	-0.289947	2.955963
0.708000	2.666213	-0.289559	2.955771
0.709000	2.666406	-0.289176	2.955583
0.710000	2.666598	-0.288799	2.955397
0.711000	2.666786	-0.288428	2.955214
0.712000	2.666971	-0.288061	2.955033
0.713000	2.667155	-0.287700	2.954855
0.714000	2.667335	-0.287344	2.954679
0.715000	2.667512	-0.286993	2.954506
0.716000	2.667688	-0.286648	2.954335
0.717000	2.667860	-0.286308	2.954168
0.718000	2.668030	-0.285972	2.954003
0.719000	2.668197	-0.285642	2.953840
0.720000	2.668361	-0.285318	2.953679
0.721000	2.668523	-0.284999	2.953522
0.722000	2.668682	-0.284685	2.953366
0.723000	2.668838	-0.284376	2.953214
0.724000	2.668992	-0.284072	2.953064
0.725000	2.669143	-0.283773	2.952917
0.726000	2.669291	-0.283480	2.952772
0.727000	2.669437	-0.283192	2.952629
0.728000	2.669580	-0.282909	2.952489
0.729000	2.669721	-0.282631	2.952353
0.730000	2.669858	-0.282359	2.952218
0.731000	2.669993	-0.282092	2.952085
0.732000	2.670126	-0.281830	2.951956
0.733000	2.670256	-0.281573	2.951829
0.734000	2.670384	-0.281321	2.951704
0.735000	2.670508	-0.281074	2.951582
0.736000	2.670630	-0.280833	2.951463
0.737000	2.670749	-0.280597	2.951346
0.738000	2.670866	-0.280366	2.951231
0.739000	2.670980	-0.280140	2.951119
0.740000	2.671092	-0.279919	2.951011
0.741000	2.671200	-0.279704	2.950904
0.742000	2.671306	-0.279493	2.950800
0.743000	2.671410	-0.279288	2.950698
0.744000	2.671511	-0.279088	2.950599
0.745000	2.671609	-0.278893	2.950502
0.746000	2.671705	-0.278703	2.950408
0.747000	2.671797	-0.278519	2.950316
0.748000	2.671888	-0.278340	2.950227
0.749000	2.671976	-0.278165	2.950141
0.750000	2.672061	-0.277996	2.950057
0.751000	2.672143	-0.277833	2.949976
0.752000	2.672223	-0.277674	2.949897
0.753000	2.672300	-0.277520	2.949821
0.754000	2.672374	-0.277372	2.949747
0.755000	2.672447	-0.277229	2.949676
0.756000	2.672516	-0.277091	2.949607
0.757000	2.672583	-0.276958	2.949541
0.758000	2.672647	-0.276830	2.949477
0.759000	2.672708	-0.276708	2.949416
0.760000	2.672767	-0.276591	2.949358
0.761000	2.672823	-0.276479	2.949302
0.762000	2.672876	-0.276372	2.949248
0.763000	2.672927	-0.276270	2.949197
0.764000	2.672976	-0.276174	2.949149
0.765000	2.673021	-0.276082	2.949103
0.766000	2.673064	-0.275996	2.949060
0.767000	2.673104	-0.275915	2.949019
0.768000	2.673142	-0.275839	2.948981
0.769000	2.673177	-0.275769	2.948946
0.770000	2.673209	-0.275703	2.948912
0.771000	2.673239	-0.275643	2.948882
0.772000	2.673266	-0.275589	2.948855
0.773000	2.673290	-0.275539	2.948829
0.774000	2.673312	-0.275495	2.948807
0.775000	2.673331	-0.275456	2.948786
0.776000	2.673347	-0.275422	2.948769
0.777000	2.673360	-0.275393	2.948753
0.778000	2.673372	-0.275369	2.948741
0.779000	2.673381	-0.275351	2.948731
0.780000	2.673386	-0.275338	2.948724
0.781000	2.673389	-0.275330	2.948719
0.782000	2.673389	-0.275328	2.948717
0.783000	2.673387	-0.275330	2.948718
0.784000	2.673383	-0.275339	2.948721
0.785000	2.673374	-0.275352	2.948726
0.786000	2.673364	-0.275371	2.948735
0.787000	2.673351	-0.275395	2.948745
0.788000	2.673336	-0.275424	2.948759
0.789000	2.673317	-0.275458	2.948775
0.790000	2.673296	-0.275498	2.948794
0.791000	2.673272	-0.275543	2.948816
0.792000	2.673245	-0.275594	2.948839
0.793000	2.673216	-0.275650	2.948866
0.794000	2.673184	-0.275711	2.948895
0.795000	2.673149	-0.275778	2.948927
0.796000	2.673112	-0.275849	2.948961
0.797000	2.673072	-0.275927	2.948998
0.798000	2.673029	-0.276009	2.949038
0.799000	2.672983	-0.276097	2.949081
0.800000	2.672935	-0.276191	2.949126
0.801000	2.672884	-0.276289	2.949173
0.802000	2.672830	-0.276393	2.949223
0.803000	2.672774	-0.276503	2.949277
0.804000	2.672715	-0.276618	2.949333
0.805000	2.672652	-0.276738	2.949391
0.806000	2.672588	-0.276864	2.949452
0.807000	2.672520	-0.276996	2.949516
0.808000	2.672450	-0.277132	2.949582
0.809000	2.672377	-0.277274	2.949651
0.810000	2.672301	-0.277422	2.949724
0.811000	2.672222	-0.277576	2.949798
0.812000	2.672141	-0.277734	2.949875
0.813000	2.672056	-0.277899	2.949955
0.814000	2.671969	-0.278068	2.950037
0.815000	2.671879	-0.278244	2.950123
0.816000	2.671787	-0.278424	2.950212
0.817000	2.671691	-0.278611	2.950302
0.818000	2.671593	-0.278803	2.950396
0.819000	2.671492	-0.279001	2.950493
0.820000	2.671388	-0.279204	2.950592
0.821000	2.671282	-0.279412	2.950694
0.822000	2.671172	-0.279627	2.950799
0.823000	2.671060	-0.279846	2.950906
0.824000	2.670944	-0.280072	2.951016
0.825000	2.670826	-0.280304	2.951129
0.826000	2.670705	-0.280541	2.951245
0.827000	2.670581	-0.280783	2.951364
0.828000	2.670454	-0.281032	2.951486
0.829000	2.670325	-0.281286	2.951610
0.830000	2.670192	-0.281545	2.951737
0.831000	2.670056	-0.281811	2.951867
0.832000	2.669918	-0.282082	2.952000
0.833000	2.669776	-0.282359	2.952136
0.834000	2.669632	-0.282642	2.952274
0.835000	2.669485	-0.282931	2.952416
0.836000	2.669335	-0.283225	2.952560
0.837000	2.669182	-0.283525	2.952707
0.838000	2.669026	-0.283832	2.952857
0.839000	2.668867	-0.284144	2.953011
0.840000	2.668705	-0.284462	2.953166
0.841000	2.668540	-0.284785	2.953325
0.842000	2.668372	-0.285115	2.953487
0.843000	2.668201	-0.285451	2.953652
0.844000	2.668027	-0.285792	2.953819
0.845000	2.667850	-0.286140	2.953990
0.846000	2.667670	-0.286493	2.954164
0.847000	2.667487	-0.286853	2.954340
0.848000	2.667301	-0.287218	2.954520
0.849000	2.667112	-0.287590	2.954702
0.850000	2.666920	-0.287967	2.954887
0.851000	2.666726	-0.288350	2.955076
0.852000	2.666527	-0.288741	2.955267
0.853000	2.666325	-0.289136	2.955462
0.854000	2.666121	-0.289538	2.955659
0.855000	2.665914	-0.289946	2.955860
0.856000	2.665703	-0.290361	2.956064
0.857000	2.665489	-0.290781	2.956270
0.858000	2.665272	-0.291208	2.956480
0.859000	2.665052	-0.291641	2.956692
0.860000	2.664829	-0.292080	2.956909
0.861000	2.664603	-0.292525	2.957128
0.862000	2.664373	-0.292977	2.957350
0.863000	2.664140	-0.293435	2.957575
0.864000	2.663905	-0.293899	2.957804
0.865000	2.663666	-0.294370	2.958035
0.866000	2.663424	-0.294847	2.958270
0.867000	2.663177	-0.295330	2.958508
0.868000	2.662929	-0.295820	2.958749
0.869000	2.662677	-0.296316	2.958993
0.870000	2.662422	-0.296819	2.959240
0.871000	2.662163	-0.297328	2.959491
0.872000	2.661901	-0.297844	2.959745
0.873000	2.661637	-0.298366	2.960003
0.874000	2.661368	-0.298895	2.960263
0.875000	2.661097	-0.299430	2.960527
0.876000	2.660821	-0.299972	2.960793
0.877000	2.660543	-0.300521	2.961064
0.878000	2.660262	-0.301076	2.961338
0.879000	2.659976	-0.301638	2.961615
0.880000	2.659688	-0.302206	2.961895
0.881000	2.659397	-0.302782	2.962178
0.882000	2.659101	-0.303364	2.962466
0.883000	2.658803	-0.303953	2.962756
0.884000	2.658500	-0.304549	2.963049
0.885000	2.658195	-0.305151	2.963346
0.886000	2.657886	-0.305761	2.963647
0.887000	2.657574	-0.306377	2.963951
0.888000	2.657259	-0.307000	2.964258
0.889000	2.656940	-0.307630	2.964569
0.890000	2.656616	-0.308267	2.964884
0.891000	2.656290	-0.308911	2.965201
0.892000	2.655960	-0.309563	2.965522
0.893000	2.655627	-0.310221	2.965847
0.894000	2.655290	-0.310886	2.966176
0.895000	2.654949	-0.311558	2.966507
0.896000	2.654605	-0.312238	2.966843
0.897000	2.654257	-0.312925	2.967182
0.898000	2.653906	-0.313618	2.967524
0.899000	2.653551	-0.314320	2.967870
0.900000	2.653192	-0.315028	2.968220
0.901000	2.652830	-0.315744	2.968574
0.902000	2.652464	-0.316467	2.968931
0.903000	2.652094	-0.317197	2.969291
0.904000	2.651721	-0.317935	2.969656
0.905000	2.651344	-0.318680	2.970024
0.906000	2.650963	-0.319433	2.970396
0.907000	2.650578	-0.320193	2.970772
0.908000	2.650190	-0.320961	2.971151
0.909000	2.649797	-0.321737	2.971534
0.910000	2.649401	-0.322520	2.971921
0.911000	2.649001	-0.323310	2.972311
0.912000	2.648598	-0.324108	2.972706
0.913000	2.648191	-0.324914	2.973105
0.914000	2.647779	-0.325728	2.973507
0.915000	2.647364	-0.326549	2.973913
0.916000	2.646945	-0.327379	2.974323
0.917000	2.646521	-0.328216	2.974737
0.918000	2.646094	-0.329061	2.975155
0.919000	2.645663	-0.329914	2.975577
0.920000	2.645228	-0.330775	2.976003
0.921000	2.644789	-0.331644	2.976433
0.922000	2.644346	-0.332521	2.976866
0.923000	2.643898	-0.333406	2.977304
0.924000	2.643447	-0.334299	2.977746
0.925000	2.642992	-0.335200	2.978192
0.926000	2.642533	-0.336109	2.978642
0.927000	2.642069	-0.337027	2.979096
0.928000	2.641602	-0.337953	2.979555
0.929000	2.641130	-0.338887	2.980017
0.930000	2.640654	-0.339830	2.980484
0.931000	2.640174	-0.340781	2.980955
0.932000	2.639689	-0.341740	2.981430
0.933000	2.639201	-0.342708	2.981910
0.934000	2.638708	-0.343685	2.982393
0.935000	2.638211	-0.344670	2.982881
0.936000	2.637709	-0.345664	2.983373
0.937000	2.637203	-0.346666	2.983869
0.938000	2.636693	-0.347677	2.984370
0.939000	2.636178	-0.348697	2.984875
0.940000	2.635659	-0.349726	2.985385
0.941000	2.635135	-0.350764	2.985899
0.942000	2.634607	-0.351811	2.986418
0.943000	2.634074	-0.352866	2.986940
0.944000	2.633538	-0.353931	2.987468
0.945000	2.632996	-0.355004	2.988000
0.946000	2.632451	-0.356086	2.988537
0.947000	2.631900	-0.357178	2.989078
0.948000	2.631344	-0.358279	2.989623
0.949000	2.630785	-0.359389	2.990174
0.950000	2.630220	-0.360509	2.990729
0.951000	2.629652	-0.361637	2.991289
0.952000	2.629078	-0.362775	2.991853
0.953000	2.628500	-0.363922	2.992422
0.954000	2.627916	-0.365080	2.992996
0.955000	2.627328	-0.366246	2.993574
0.956000	2.626735	-0.367423	2.994158
0.957000	2.626137	-0.368609	2.994746
0.958000	2.625535	-0.369805	2.995340
0.959000	2.624926	-0.371011	2.995937
0.960000	2.624314	-0.372226	2.996541
0.961000	2.623698	-0.373451	2.997149
0.962000	2.623075	-0.374686	2.997761
0.963000	2.622447	-0.375932	2.998379
0.964000	2.621815	-0.377187	2.999002
0.965000	2.621178	-0.378452	2.999630
0.966000	2.620536	-0.379727	3.000263
0.967000	2.619889	-0.381012	3.000901
0.968000	2.619236	-0.382309	3.001545
0.969000	2.618578	-0.383615	3.002193
0.970000	2.617915	-0.384932	3.002847
0.971000	2.617248	-0.386259	3.003506
0.972000	2.616574	-0.387597	3.004170
0.973000	2.615895	-0.388945	3.004840
0.974000	2.615212	-0.390304	3.005515
0.975000	2.614522	-0.391673	3.006196
0.976000	2.613827	-0.393054	3.006881
0.977000	2.613127	-0.394445	3.007573
0.978000	2.612422	-0.395847	3.008269
0.979000	2.611712	-0.397260	3.008971
0.980000	2.610994	-0.398684	3.009679
0.981000	2.610272	-0.400120	3.010392
0.982000	2.609545	-0.401566	3.011111
0.983000	2.608812	-0.403024	3.011836
0.984000	2.608072	-0.404493	3.012566
0.985000	2.607328	-0.405974	3.013302
0.986000	2.606577	-0.407466	3.014043
0.987000	2.605822	-0.408969	3.014791
0.988000	2.605059	-0.410484	3.015544
0.989000	2.604291	-0.412012	3.016303
0.990000	2.603518	-0.413550	3.017069
0.991000	2.602739	-0.415100	3.017839
0.992000	2.601954	-0.416662	3.018616
0.993000	2.601163	-0.418236	3.019399
0.994000	2.600365	-0.419823	3.020188
0.995000	2.599562	-0.421421	3.020983
0.996000	2.598752	-0.423032	3.021784
0.997000	2.597937	-0.424655	3.022592
0.998000	2.597116	-0.426290	3.023406
0.999000	2.596287	-0.427938	3.024225
