0.000000	2.046938	-0.962761	3.009700
0.001000	2.077735	-0.931999	3.009734
0.002000	2.077655	-0.932119	3.009773
0.003000	2.077569	-0.932250	3.009818
0.004000	2.077478	-0.932390	3.009868
0.005000	2.077384	-0.932539	3.009923
0.006000	2.077284	-0.932699	3.009983
0.007000	2.077179	-0.932870	3.010049
0.008000	2.077068	-0.933052	3.010120
0.009000	2.076953	-0.933243	3.010195
0.010000	2.076833	-0.933443	3.010277
0.011000	2.076709	-0.933654	3.010363
0.012000	2.076580	-0.933874	3.010454
0.013000	2.076444	-0.934106	3.010550
0.014000	2.076304	-0.934348	3.010653
0.015000	2.076160	-0.934600	3.010760
0.016000	2.076011	-0.934861	3.010872
0.017000	2.075858	-0.935132	3.010990
0.018000	2.075697	-0.935415	3.011113
0.019000	2.075533	-0.935708	3.011240
0.020000	2.075364	-0.936010	3.011374
0.021000	2.075190	-0.936323	3.011512
0.022000	2.075011	-0.936644	3.011656
0.023000	2.074829	-0.936976	3.011805
0.024000	2.074639	-0.937320	3.011959
0.025000	2.074444	-0.937674	3.012119
0.026000	2.074245	-0.938038	3.012283
0.027000	2.074042	-0.938411	3.012453
0.028000	2.073833	-0.938795	3.012628
0.029000	2.073619	-0.939190	3.012808
0.030000	2.073400	-0.939595	3.012995
0.031000	2.073175	-0.940010	3.013186
0.032000	2.072947	-0.940435	3.013382
0.033000	2.072714	-0.940869	3.013583
0.034000	2.072474	-0.941316	3.013790
0.035000	2.072229	-0.941773	3.014003
0.036000	2.071979	-0.942241	3.014220
0.037000	2.071725	-0.942719	3.014443
0.038000	2.071466	-0.943205	3.014671
0.039000	2.071203	-0.943703	3.014905
0.040000	2.070932	-0.944211	3.015144
0.041000	2.070658	-0.944730	3.015388
0.042000	2.070378	-0.945260	3.015638
0.043000	2.070094	-0.945799	3.015893
0.044000	2.069805	-0.946348	3.016153
0.045000	2.069509	-0.946910	3.016419
0.046000	2.069208	-0.947482	3.016690
0.047000	2.068902	-0.948064	3.016966
0.048000	2.068593	-0.948656	3.017249
0.049000	2.068278	-0.949258	3.017536
0.050000	2.067956	-0.949873	3.017829
0.051000	2.067630	-0.950498	3.018127
0.052000	2.067298	-0.951132	3.018431
0.053000	2.066962	-0.951778	3.018740
0.054000	2.066622	-0.952433	3.019055
0.055000	2.066273	-0.953102	3.019375
0.056000	2.065921	-0.953780	3.019701
0.057000	2.065564	-0.954468	3.020032
0.058000	2.065201	-0.955168	3.020369
0.059000	2.064834	-0.955878	3.020711
0.060000	2.064461	-0.956599	3.021060
0.061000	2.064081	-0.957332	3.021413
0.062000	2.063698	-0.958075	3.021772
0.063000	2.063308	-0.958829	3.022137
0.064000	2.062912	-0.959595	3.022507
0.065000	2.062511	-0.960371	3.022883
0.066000	2.062106	-0.961159	3.023265
0.067000	2.061695	-0.961957	3.023652
0.068000	2.061279	-0.962766	3.024045
0.069000	2.060856	-0.963588	3.024444
0.070000	2.060429	-0.964420	3.024848
0.071000	2.059996	-0.965263	3.025259
0.072000	2.059557	-0.966117	3.025674
0.073000	2.059114	-0.966982	3.026096
0.074000	2.058664	-0.967860	3.026524
0.075000	2.058209	-0.968747	3.026957
0.076000	2.057749	-0.969647	3.027396
0.077000	2.057284	-0.970557	3.027841
0.078000	2.056810	-0.971481	3.028291
0.079000	2.056332	-0.972416	3.028748
0.080000	2.055850	-0.973361	3.029210
0.081000	2.055362	-0.974317	3.029679
0.082000	2.054867	-0.975286	3.030153
0.083000	2.054367	-0.976267	3.030633
0.084000	2.053861	-0.977259	3.031120
0.085000	2.053351	-0.978261	3.031612
0.086000	2.052834	-0.979276	3.032109
0.087000	2.052310	-0.980304	3.032614
0.088000	2.051781	-0.981343	3.033124
0.089000	2.051247	-0.982393	3.033640
0.090000	2.050708	-0.983455	3.034163
0.091000	2.050160	-0.984531	3.034691
0.092000	2.049609	-0.985617	3.035226
0.093000	2.049051	-0.986716	3.035767
0.094000	2.048488	-0.987825	3.036314
0.095000	2.047918	-0.988949	3.036867
0.096000	2.047341	-0.990084	3.037426
0.097000	2.046760	-0.991232	3.037992
0.098000	2.046173	-0.992391	3.038563
0.099000	2.045578	-0.993564	3.039141
0.100000	2.044977	-0.994749	3.039725
0.101000	2.044371	-0.995946	3.040317
0.102000	2.043759	-0.997154	3.040913
0.103000	2.043140	-0.998376	3.041517
0.104000	2.042516	-0.999611	3.042127
0.105000	2.041885	-1.000858	3.042743
0.106000	2.041246	-1.002119	3.043366
0.107000	2.040603	-1.003393	3.043995
0.108000	2.039953	-1.004678	3.044631
0.109000	2.039298	-1.005976	3.045273
0.110000	2.038634	-1.007288	3.045922
0.111000	2.037966	-1.008612	3.046578
0.112000	2.037291	-1.009949	3.047240
0.113000	2.036610	-1.011298	3.047908
0.114000	2.035922	-1.012662	3.048584
0.115000	2.035227	-1.014039	3.049266
0.116000	2.034527	-1.015428	3.049955
0.117000	2.033818	-1.016832	3.050650
0.118000	2.033103	-1.018249	3.051353
0.119000	2.032383	-1.019679	3.052062
0.120000	2.031657	-1.021121	3.052778
0.121000	2.030923	-1.022578	3.053502
0.122000	2.030183	-1.024048	3.054231
0.123000	2.029437	-1.025531	3.054968
0.124000	2.028681	-1.027030	3.055711
0.125000	2.027921	-1.028542	3.056463
0.126000	2.027154	-1.030066	3.057220
0.127000	2.026381	-1.031604	3.057986
0.128000	2.025600	-1.033157	3.058758
0.129000	2.024812	-1.034724	3.059536
0.130000	2.024018	-1.036305	3.060323
0.131000	2.023216	-1.037900	3.061117
0.132000	2.022408	-1.039510	3.061917
0.133000	2.021592	-1.041133	3.062726
0.134000	2.020768	-1.042773	3.063541
0.135000	2.019938	-1.044426	3.064364
0.136000	2.019101	-1.046093	3.065194
0.137000	2.018255	-1.047777	3.066031
0.138000	2.017403	-1.049474	3.066876
0.139000	2.016544	-1.051185	3.067729
0.140000	2.015676	-1.052912	3.068589
0.141000	2.014802	-1.054654	3.069456
0.142000	2.013921	-1.056411	3.070332
0.143000	2.013032	-1.058183	3.071215
0.144000	2.012136	-1.059970	3.072105
0.145000	2.011234	-1.061770	3.073004
0.146000	2.010322	-1.063588	3.073910
0.147000	2.009403	-1.065421	3.074824
0.148000	2.008477	-1.067268	3.075745
0.149000	2.007543	-1.069132	3.076675
0.150000	2.006602	-1.071011	3.077613
0.151000	2.005654	-1.072905	3.078558
0.152000	2.004696	-1.074816	3.079511
0.153000	2.003731	-1.076742	3.080473
0.154000	2.002759	-1.078683	3.081443
0.155000	2.001779	-1.080642	3.082421
0.156000	2.000791	-1.082616	3.083406
0.157000	1.999793	-1.084608	3.084401
0.158000	1.998788	-1.086615	3.085403
0.159000	1.997776	-1.088638	3.086414
0.160000	1.996754	-1.090679	3.087433
0.161000	1.995725	-1.092735	3.088460
0.162000	1.994690	-1.094807	3.089496
0.163000	1.993643	-1.096898	3.090540
0.164000	1.992590	-1.099004	3.091594
0.165000	1.991526	-1.101129	3.092655
0.166000	1.990456	-1.103270	3.093725
0.167000	1.989378	-1.105426	3.094804
0.168000	1.988289	-1.107603	3.095892
0.169000	1.987193	-1.109795	3.096988
0.170000	1.986089	-1.112005	3.098093
0.171000	1.984975	-1.114232	3.099207
0.172000	1.983853	-1.116477	3.100330
0.173000	1.982722	-1.118740	3.101462
0.174000	1.981583	-1.121020	3.102602
0.175000	1.980434	-1.123319	3.103753
0.176000	1.979276	-1.125636	3.104912
0.177000	1.978111	-1.127969	3.106080
0.178000	1.976935	-1.130322	3.107258
0.179000	1.975751	-1.132693	3.108444
0.180000	1.974558	-1.135082	3.109640
0.181000	1.973356	-1.137490	3.110846
0.182000	1.972143	-1.139917	3.112061
0.183000	1.970922	-1.142363	3.113285
0.184000	1.969693	-1.144826	3.114520
0.185000	1.968453	-1.147310	3.115763
0.186000	1.967205	-1.149811	3.117016
0.187000	1.965946	-1.152332	3.118279
0.188000	1.964680	-1.154872	3.119551
0.189000	1.963402	-1.157432	3.120834
0.190000	1.962115	-1.160011	3.122126
0.191000	1.960816	-1.162612	3.123428
0.192000	1.959509	-1.165231	3.124741
0.193000	1.958193	-1.167870	3.126063
0.194000	1.956867	-1.170528	3.127395
0.195000	1.955529	-1.173208	3.128737
0.196000	1.954183	-1.175907	3.130090
0.197000	1.952827	-1.178626	3.131453
0.198000	1.951461	-1.181365	3.132826
0.199000	1.950086	-1.184124	3.134210
0.200000	1.948699	-1.186905	3.135604
0.201000	1.947304	-1.189705	3.137009
0.202000	1.945896	-1.192528	3.138424
0.203000	1.944478	-1.195371	3.139849
0.204000	1.943049	-1.198237	3.141286
0.205000	1.941611	-1.201122	3.142733
0.206000	1.940161	-1.204030	3.144191
0.207000	1.938702	-1.206958	3.145660
0.208000	1.937231	-1.209909	3.147140
0.209000	1.935750	-1.212880	3.148631
0.210000	1.934257	-1.215875	3.150132
0.211000	1.932752	-1.218894	3.151645
0.212000	1.931237	-1.221933	3.153169
0.213000	1.929710	-1.224994	3.154705
0.214000	1.928174	-1.228077	3.156251
0.215000	1.926626	-1.231183	3.157809
0.216000	1.925068	-1.234311	3.159379
0.217000	1.923497	-1.237463	3.160960
0.218000	1.921917	-1.240635	3.162552
0.219000	1.920323	-1.243832	3.164156
0.220000	1.918721	-1.247051	3.165772
0.221000	1.917105	-1.250294	3.167399
0.222000	1.915477	-1.253562	3.169039
0.223000	1.913838	-1.256851	3.170690
0.224000	1.912187	-1.260166	3.172353
0.225000	1.910524	-1.263504	3.174028
0.226000	1.908849	-1.266867	3.175715
0.227000	1.907162	-1.270252	3.177414
0.228000	1.905464	-1.273662	3.179126
0.229000	1.903752	-1.277097	3.180849
0.230000	1.902030	-1.280556	3.182585
0.231000	1.900295	-1.284039	3.184334
0.232000	1.898548	-1.287546	3.186095
0.233000	1.896789	-1.291079	3.187868
0.234000	1.895016	-1.294638	3.189654
0.235000	1.893233	-1.298219	3.191452
0.236000	1.891436	-1.301827	3.193264
0.237000	1.889629	-1.305458	3.195087
0.238000	1.887808	-1.309117	3.196925
0.239000	1.885972	-1.312802	3.198774
0.240000	1.884126	-1.316511	3.200637
0.241000	1.882266	-1.320247	3.202513
0.242000	1.880392	-1.324009	3.204401
0.243000	1.878507	-1.327796	3.206303
0.244000	1.876608	-1.331610	3.208218
0.245000	1.874700	-1.335447	3.210146
0.246000	1.872774	-1.339314	3.212088
0.247000	1.870835	-1.343208	3.214043
0.248000	1.868886	-1.347126	3.216012
0.249000	1.866922	-1.351072	3.217993
0.250000	1.864943	-1.355046	3.219989
0.251000	1.862953	-1.359045	3.221998
0.252000	1.860950	-1.363071	3.224021
0.253000	1.858932	-1.367125	3.226057
0.254000	1.856900	-1.371207	3.228107
0.255000	1.854856	-1.375316	3.230171
0.256000	1.852795	-1.379454	3.232249
0.257000	1.850724	-1.383616	3.234340
0.258000	1.848639	-1.387807	3.236446
0.259000	1.846538	-1.392028	3.238566
0.260000	1.844422	-1.396278	3.240700
0.261000	1.842295	-1.400553	3.242848
0.262000	1.840153	-1.404856	3.245010
0.263000	1.837997	-1.409190	3.247186
0.264000	1.835828	-1.413549	3.249376
0.265000	1.833644	-1.417938	3.251581
0.266000	1.831445	-1.422356	3.253800
0.267000	1.829231	-1.426803	3.256034
0.268000	1.827006	-1.431276	3.258282
0.269000	1.824764	-1.435780	3.260544
0.270000	1.822507	-1.440313	3.262820
0.271000	1.820236	-1.444876	3.265112
0.272000	1.817953	-1.449464	3.267418
0.273000	1.815654	-1.454084	3.269738
0.274000	1.813339	-1.458734	3.272073
0.275000	1.811010	-1.463411	3.274422
0.276000	1.808670	-1.468115	3.276786
0.277000	1.806314	-1.472851	3.279165
0.278000	1.803943	-1.477615	3.281558
0.279000	1.801557	-1.482409	3.283966
0.280000	1.799159	-1.487230	3.286388
0.281000	1.796745	-1.492081	3.288826
0.282000	1.794315	-1.496962	3.291277
0.283000	1.791872	-1.501872	3.293744
0.284000	1.789415	-1.506809	3.296225
0.285000	1.786943	-1.511777	3.298720
0.286000	1.784456	-1.516774	3.301230
0.287000	1.781953	-1.521803	3.303755
0.288000	1.779435	-1.526860	3.306294
0.289000	1.776906	-1.531942	3.308848
0.290000	1.774361	-1.537056	3.311417
0.291000	1.771802	-1.542198	3.314000
0.292000	1.769228	-1.547369	3.316597
0.293000	1.766638	-1.552570	3.319209
0.294000	1.764037	-1.557797	3.321835
0.295000	1.761422	-1.563053	3.324475
0.296000	1.758791	-1.568339	3.327129
0.297000	1.756145	-1.573652	3.329798
0.298000	1.753485	-1.578995	3.332481
0.299000	1.750810	-1.584368	3.335178
0.300000	1.748125	-1.589763	3.337888
0.301000	1.745424	-1.595188	3.340612
0.302000	1.742710	-1.600640	3.343350
0.303000	1.739981	-1.606121	3.346102
0.304000	1.737239	-1.611628	3.348867
0.305000	1.734484	-1.617161	3.351645
0.306000	1.731715	-1.622722	3.354437
0.307000	1.728933	-1.628310	3.357242
0.308000	1.726138	-1.633922	3.360060
0.309000	1.723330	-1.639561	3.362891
0.310000	1.720508	-1.645226	3.365734
0.311000	1.717675	-1.650915	3.368589
0.312000	1.714829	-1.656628	3.371458
0.313000	1.711970	-1.662368	3.374338
0.314000	1.709101	-1.668128	3.377230
0.315000	1.706220	-1.673913	3.380133
0.316000	1.703326	-1.679723	3.383048
0.317000	1.700422	-1.685552	3.385974
0.318000	1.697505	-1.691406	3.388911
0.319000	1.694577	-1.697282	3.391859
0.320000	1.691640	-1.703177	3.394817
0.321000	1.688691	-1.709094	3.397786
0.322000	1.685733	-1.715031	3.400764
0.323000	1.682764	-1.720987	3.403751
0.324000	1.679787	-1.726962	3.406748
0.325000	1.676800	-1.732954	3.409754
0.326000	1.673803	-1.738965	3.412768
0.327000	1.670799	-1.744991	3.415790
0.328000	1.667788	-1.751032	3.418820
0.329000	1.664767	-1.757090	3.421857
0.330000	1.661739	-1.763162	3.424901
0.331000	1.658703	-1.769248	3.427951
0.332000	1.655661	-1.775346	3.431007
0.333000	1.652614	-1.781455	3.434069
0.334000	1.649561	-1.787575	3.437136
0.335000	1.646502	-1.793704	3.440207
0.336000	1.643440	-1.799843	3.443282
0.337000	1.640373	-1.805987	3.446360
0.338000	1.637303	-1.812139	3.449441
0.339000	1.634231	-1.818294	3.452524
0.340000	1.631155	-1.824454	3.455609
0.341000	1.628078	-1.830617	3.458695
0.342000	1.625001	-1.836779	3.461781
0.343000	1.621922	-1.842943	3.464865
0.344000	1.618845	-1.849105	3.467949
0.345000	1.615767	-1.855264	3.471031
0.346000	1.612694	-1.861416	3.474110
0.347000	1.609622	-1.867563	3.477185
0.348000	1.606552	-1.873704	3.480255
0.349000	1.603487	-1.879833	3.483321
0.350000	1.600428	-1.885952	3.486380
0.351000	1.597375	-1.892057	3.489432
0.352000	1.594330	-1.898146	3.492476
0.353000	1.591292	-1.904217	3.495509
0.354000	1.588264	-1.910269	3.498533
0.355000	1.585245	-1.916301	3.501546
0.356000	1.582235	-1.922310	3.504546
0.357000	1.579239	-1.928293	3.507532
0.358000	1.576255	-1.934249	3.510504
0.359000	1.573287	-1.940173	3.513460
0.360000	1.570334	-1.946064	3.516398
0.361000	1.567399	-1.951918	3.519318
0.362000	1.564481	-1.957737	3.522218
0.363000	1.561583	-1.963513	3.525096
0.364000	1.558706	-1.969246	3.527951
0.365000	1.555851	-1.974932	3.530783
0.366000	1.553020	-1.980568	3.533588
0.367000	1.550215	-1.986151	3.536366
0.368000	1.547436	-1.991679	3.539115
0.369000	1.544686	-1.997147	3.541834
0.370000	1.541967	-2.002553	3.544520
0.371000	1.539280	-2.007892	3.547173
0.372000	1.536626	-2.013162	3.549788
0.373000	1.534007	-2.018359	3.552366
0.374000	1.531426	-2.023479	3.554904
0.375000	1.528884	-2.028517	3.557401
0.376000	1.526382	-2.033472	3.559854
0.377000	1.523925	-2.038337	3.562262
0.378000	1.521513	-2.043108	3.564621
0.379000	1.519147	-2.047783	3.566930
0.380000	1.516832	-2.052355	3.569187
0.381000	1.514568	-2.056820	3.571388
0.382000	1.512357	-2.061176	3.573533
0.383000	1.510204	-2.065414	3.575619
0.384000	1.508109	-2.069532	3.577641
0.385000	1.506077	-2.073524	3.579601
0.386000	1.504107	-2.077384	3.581492
0.387000	1.502206	-2.081108	3.583314
0.388000	1.500373	-2.084691	3.585063
0.389000	1.498611	-2.088126	3.586738
0.390000	1.496925	-2.091409	3.588334
0.391000	1.495315	-2.094534	3.589849
0.392000	1.493786	-2.097495	3.591280
0.393000	1.492340	-2.100285	3.592625
0.394000	1.490979	-2.102899	3.593879
0.395000	1.489710	-2.105331	3.595041
0.396000	1.488532	-2.107574	3.596106
0.397000	1.487450	-2.109622	3.597072
0.398000	1.486466	-2.111469	3.597935
0.399000	1.485584	-2.113108	3.598692
0.400000	1.484809	-2.114532	3.599340
0.401000	1.484142	-2.115734	3.599876
0.402000	1.483587	-2.116709	3.600296
0.403000	1.483147	-2.117447	3.600595
0.404000	1.482828	-2.117944	3.600772
0.405000	1.482630	-2.118192	3.600821
0.406000	1.482558	-2.118183	3.600741
0.407000	1.482617	-2.117910	3.600528
0.408000	1.482810	-2.117367	3.600176
0.409000	1.483139	-2.116545	3.599684
0.410000	1.483609	-2.115438	3.599047
0.411000	1.484224	-2.114039	3.598263
0.412000	1.484986	-2.112340	3.597326
0.413000	1.485901	-2.110333	3.596234
0.414000	1.486970	-2.108013	3.594983
0.415000	1.488200	-2.105370	3.593570
0.416000	1.489592	-2.102398	3.591990
0.417000	1.491151	-2.099091	3.590242
0.418000	1.492879	-2.095441	3.588320
0.419000	1.494782	-2.091441	3.586223
0.420000	1.496861	-2.087085	3.583946
0.421000	1.499120	-2.082366	3.581486
0.422000	1.501564	-2.077277	3.578840
0.423000	1.504194	-2.071812	3.576006
0.424000	1.507015	-2.065964	3.572979
0.425000	1.510031	-2.059728	3.569759
0.426000	1.513241	-2.053099	3.566340
0.427000	1.516652	-2.046071	3.562723
0.428000	1.520264	-2.038640	3.558905
0.429000	1.524080	-2.030801	3.554881
0.430000	1.528102	-2.022551	3.550652
0.431000	1.532333	-2.013883	3.546216
0.432000	1.536774	-2.004797	3.541571
0.433000	1.541427	-1.995288	3.536716
0.434000	1.546293	-1.985355	3.531649
0.435000	1.551375	-1.974995	3.526371
0.436000	1.556670	-1.964211	3.520881
0.437000	1.562184	-1.952995	3.515179
0.438000	1.567914	-1.941351	3.509266
0.439000	1.573861	-1.929281	3.503141
0.440000	1.580023	-1.916784	3.496807
0.441000	1.586402	-1.903863	3.490264
0.442000	1.592994	-1.890521	3.483515
0.443000	1.599806	-1.876756	3.476562
0.444000	1.606822	-1.862585	3.469407
0.445000	1.614051	-1.848003	3.462054
0.446000	1.621484	-1.833023	3.454506
0.447000	1.629119	-1.817649	3.446769
0.448000	1.636959	-1.801887	3.438846
0.449000	1.644990	-1.785752	3.430742
0.450000	1.653213	-1.769251	3.422464
0.451000	1.661616	-1.752402	3.414017
0.452000	1.670198	-1.735212	3.405410
0.453000	1.678950	-1.717699	3.396649
0.454000	1.687871	-1.699872	3.387743
0.455000	1.696950	-1.681749	3.378700
0.456000	1.706178	-1.663350	3.369528
0.457000	1.715544	-1.644696	3.360240
0.458000	1.725043	-1.625803	3.350846
0.459000	1.734663	-1.606692	3.341354
0.460000	1.744393	-1.587386	3.331779
0.461000	1.754219	-1.567913	3.322132
0.462000	1.764136	-1.548289	3.312425
0.463000	1.774126	-1.528548	3.302674
0.464000	1.784178	-1.508713	3.292890
0.465000	1.794284	-1.488806	3.283090
0.466000	1.804422	-1.468866	3.273288
0.467000	1.814582	-1.448918	3.263499
0.468000	1.824735	-1.429006	3.253741
0.469000	1.834885	-1.409143	3.244028
0.470000	1.845007	-1.389370	3.234377
0.471000	1.855085	-1.369722	3.224808
0.472000	1.865109	-1.350226	3.215335
0.473000	1.875046	-1.330932	3.205977
0.474000	1.884892	-1.311861	3.196753
0.475000	1.894620	-1.293061	3.187681
0.476000	1.904219	-1.274559	3.178777
0.477000	1.913673	-1.256389	3.170063
0.478000	1.922951	-1.238603	3.161554
0.479000	1.932040	-1.221230	3.153270
0.480000	1.940928	-1.204300	3.145228
0.481000	1.949595	-1.187853	3.137448
0.482000	1.958019	-1.171926	3.129945
0.483000	1.966174	-1.156564	3.122738
0.484000	1.974069	-1.141775	3.115844
0.485000	1.981674	-1.127605	3.109279
0.486000	1.988959	-1.114101	3.103060
0.487000	1.995916	-1.101285	3.097200
0.488000	2.002531	-1.089186	3.091716
0.489000	2.008787	-1.077835	3.086622
0.490000	2.014671	-1.067259	3.081930
0.491000	2.020166	-1.057487	3.077653
0.492000	2.025256	-1.048546	3.073803
0.493000	2.029945	-1.040445	3.070390
0.494000	2.034203	-1.033220	3.067423
0.495000	2.038035	-1.026876	3.064912
0.496000	2.041421	-1.021442	3.062863
0.497000	2.044355	-1.016928	3.061283
0.498000	2.046824	-1.013353	3.060178
0.499000	2.048837	-1.010714	3.059550
0.500000	2.050389	-1.009015	3.059404
0.501000	2.051458	-1.008282	3.059740
0.502000	2.052059	-1.008500	3.060560
0.503000	2.052170	-1.009690	3.061860
0.504000	2.051802	-1.011840	3.063642
0.505000	2.050960	-1.014940	3.065899
0.506000	2.049649	-1.018981	3.068629
0.507000	2.047865	-1.023961	3.071826
0.508000	2.045625	-1.029857	3.075482
0.509000	2.042912	-1.036677	3.079590
0.510000	2.039748	-1.044392	3.084141
0.511000	2.036141	-1.052982	3.089123
0.512000	2.032093	-1.062436	3.094529
0.513000	2.027616	-1.072727	3.100343
0.514000	2.022734	-1.083820	3.106554
0.515000	2.017447	-1.095700	3.113147
0.516000	2.011775	-1.108334	3.120109
0.517000	2.005733	-1.121690	3.127424
0.518000	1.999326	-1.135750	3.135076
0.519000	1.992570	-1.150478	3.143048
0.520000	1.985485	-1.165839	3.151324
0.521000	1.978085	-1.181801	3.159886
0.522000	1.970383	-1.198334	3.168716
0.523000	1.962401	-1.215396	3.177796
0.524000	1.954169	-1.232939	3.187108
0.525000	1.945694	-1.250938	3.196633
0.526000	1.936990	-1.269362	3.206352
0.527000	1.928075	-1.288171	3.216247
0.528000	1.918977	-1.307320	3.226298
0.529000	1.909710	-1.326777	3.236487
0.530000	1.900285	-1.346512	3.246797
0.531000	1.890730	-1.366477	3.257206
0.532000	1.881059	-1.386640	3.267700
0.533000	1.871273	-1.406986	3.278259
0.534000	1.861345	-1.427520	3.288865
0.535000	1.851323	-1.448179	3.299502
0.536000	1.841251	-1.468902	3.310153
0.537000	1.831148	-1.489654	3.320802
0.538000	1.821033	-1.510400	3.331433
0.539000	1.810922	-1.531107	3.342030
0.540000	1.800827	-1.551752	3.352579
0.541000	1.790768	-1.572298	3.363066
0.542000	1.780750	-1.592728	3.373478
0.543000	1.770800	-1.613001	3.383801
0.544000	1.760925	-1.633097	3.394022
0.545000	1.751132	-1.652999	3.404131
0.546000	1.741442	-1.672674	3.414116
0.547000	1.731864	-1.692103	3.423967
0.548000	1.722400	-1.711274	3.433674
0.549000	1.713076	-1.730152	3.443228
0.550000	1.703885	-1.748734	3.452619
0.551000	1.694844	-1.766997	3.461840
0.552000	1.685959	-1.784925	3.470884
0.553000	1.677243	-1.802501	3.479744
0.554000	1.668701	-1.819714	3.488414
0.555000	1.660336	-1.836551	3.496888
0.556000	1.652158	-1.853003	3.505161
0.557000	1.644171	-1.869058	3.513229
0.558000	1.636377	-1.884711	3.521087
0.559000	1.628781	-1.899953	3.528733
0.560000	1.621385	-1.914778	3.536164
0.561000	1.614197	-1.929179	3.543375
0.562000	1.607218	-1.943150	3.550367
0.563000	1.600449	-1.956688	3.557138
0.564000	1.593893	-1.969792	3.563685
0.565000	1.587551	-1.982459	3.570009
0.566000	1.581426	-1.994684	3.576110
0.567000	1.575517	-2.006469	3.581986
0.568000	1.569824	-2.017816	3.587639
0.569000	1.564348	-2.028722	3.593070
0.570000	1.559088	-2.039191	3.598279
0.571000	1.554041	-2.049226	3.603267
0.572000	1.549210	-2.058826	3.608036
0.573000	1.544591	-2.067997	3.612589
0.574000	1.540184	-2.076742	3.616926
0.575000	1.535986	-2.085065	3.621051
0.576000	1.531997	-2.092969	3.624966
0.577000	1.528212	-2.100461	3.628673
0.578000	1.524629	-2.107546	3.632175
0.579000	1.521245	-2.114231	3.635476
0.580000	1.518060	-2.120517	3.638578
0.581000	1.515069	-2.126415	3.641484
0.582000	1.512269	-2.131930	3.644199
0.583000	1.509657	-2.137068	3.646725
0.584000	1.507229	-2.141836	3.649065
0.585000	1.504983	-2.146241	3.651225
0.586000	1.502915	-2.150291	3.653207
0.587000	1.501022	-2.153992	3.655014
0.588000	1.499299	-2.157352	3.656651
0.589000	1.497744	-2.160377	3.658121
0.590000	1.496352	-2.163077	3.659429
0.591000	1.495121	-2.165457	3.660578
0.592000	1.494045	-2.167526	3.661571
0.593000	1.493123	-2.169292	3.662415
0.594000	1.492348	-2.170762	3.663110
0.595000	1.491718	-2.171944	3.663661
0.596000	1.491229	-2.172845	3.664074
0.597000	1.490878	-2.173473	3.664351
0.598000	1.490660	-2.173836	3.664496
0.599000	1.490573	-2.173940	3.664513
0.600000	1.490612	-2.173794	3.664405
0.601000	1.490773	-2.173404	3.664177
0.602000	1.491053	-2.172778	3.663831
0.603000	1.491450	-2.171922	3.663372
0.604000	1.491957	-2.170846	3.662803
0.605000	1.492574	-2.169554	3.662127
0.606000	1.493295	-2.168054	3.661349
0.607000	1.494118	-2.166353	3.660471
0.608000	1.495039	-2.164458	3.659497
0.609000	1.496055	-2.162375	3.658430
0.610000	1.497163	-2.160110	3.657273
0.611000	1.498359	-2.157671	3.656030
0.612000	1.499640	-2.155063	3.654703
0.613000	1.501004	-2.152291	3.653296
0.614000	1.502448	-2.149363	3.651810
0.615000	1.503968	-2.146284	3.650252
0.616000	1.505561	-2.143060	3.648621
0.617000	1.507226	-2.139696	3.646922
0.618000	1.508958	-2.136198	3.645156
0.619000	1.510755	-2.132572	3.643327
0.620000	1.512617	-2.128821	3.641438
0.621000	1.514535	-2.124954	3.639490
0.622000	1.516511	-2.120974	3.637486
0.623000	1.518543	-2.116885	3.635429
0.624000	1.520628	-2.112692	3.633320
0.625000	1.522763	-2.108401	3.631164
0.626000	1.524945	-2.104016	3.628961
0.627000	1.527175	-2.099539	3.626714
0.628000	1.529446	-2.094979	3.624424
0.629000	1.531760	-2.090335	3.622095
0.630000	1.534114	-2.085614	3.619728
0.631000	1.536504	-2.080820	3.617324
0.632000	1.538932	-2.075954	3.614886
0.633000	1.541391	-2.071025	3.612416
0.634000	1.543885	-2.066031	3.609916
0.635000	1.546407	-2.060979	3.607386
0.636000	1.548957	-2.055873	3.604830
0.637000	1.551534	-2.050714	3.602248
0.638000	1.554136	-2.045506	3.599642
0.639000	1.556762	-2.040251	3.597013
0.640000	1.559409	-2.034956	3.594364
0.641000	1.562077	-2.029619	3.591696
0.642000	1.564766	-2.024244	3.589010
0.643000	1.567470	-2.018836	3.586306
0.644000	1.570190	-2.013398	3.583588
0.645000	1.572924	-2.007931	3.580855
0.646000	1.575675	-2.002435	3.578110
0.647000	1.578437	-1.996916	3.575353
0.648000	1.581210	-1.991375	3.572586
0.649000	1.583992	-1.985817	3.569808
0.650000	1.586785	-1.980238	3.567023
0.651000	1.589586	-1.974645	3.564231
0.652000	1.592393	-1.969039	3.561432
0.653000	1.595206	-1.963422	3.558628
0.654000	1.598024	-1.957795	3.555819
0.655000	1.600846	-1.952162	3.553007
0.656000	1.603673	-1.946520	3.550193
0.657000	1.606503	-1.940874	3.547377
0.658000	1.609333	-1.935227	3.544560
0.659000	1.612164	-1.929579	3.541742
0.660000	1.614994	-1.923932	3.538926
0.661000	1.617822	-1.918288	3.536110
0.662000	1.620649	-1.912647	3.533296
0.663000	1.623474	-1.907012	3.530486
0.664000	1.626293	-1.901385	3.527678
0.665000	1.629110	-1.895765	3.524875
0.666000	1.631927	-1.890149	3.522076
0.667000	1.634738	-1.884545	3.519282
0.668000	1.637543	-1.878951	3.516495
0.669000	1.640342	-1.873371	3.513713
0.670000	1.643135	-1.867803	3.510937
0.671000	1.645922	-1.862248	3.508170
0.672000	1.648699	-1.856710	3.505409
0.673000	1.651470	-1.851188	3.502657
0.674000	1.654230	-1.845683	3.499913
0.675000	1.656983	-1.840196	3.497179
0.676000	1.659727	-1.834727	3.494454
0.677000	1.662460	-1.829278	3.491739
0.678000	1.665184	-1.823850	3.489033
0.679000	1.667896	-1.818442	3.486338
0.680000	1.670599	-1.813055	3.483654
0.681000	1.673292	-1.807689	3.480981
0.682000	1.675973	-1.802347	3.478320
0.683000	1.678641	-1.797029	3.475670
0.684000	1.681298	-1.791735	3.473032
0.685000	1.683941	-1.786465	3.470406
0.686000	1.686573	-1.781220	3.467793
0.687000	1.689194	-1.775999	3.465193
0.688000	1.691801	-1.770804	3.462605
0.689000	1.694395	-1.765635	3.460031
0.690000	1.696974	-1.760495	3.457469
0.691000	1.699544	-1.755378	3.454922
0.692000	1.702100	-1.750288	3.452388
0.693000	1.704643	-1.745226	3.449869
0.694000	1.707171	-1.740192	3.447363
0.695000	1.709684	-1.735187	3.444871
0.696000	1.712183	-1.730211	3.442394
0.697000	1.714668	-1.725263	3.439931
0.698000	1.717139	-1.720344	3.437483
0.699000	1.719593	-1.715456	3.435050
0.700000	1.722032	-1.710599	3.432631
0.701000	1.724456	-1.705771	3.430227
0.702000	1.726866	-1.700973	3.427839
0.703000	1.729261	-1.696205	3.425466
0.704000	1.731639	-1.691468	3.423107
0.705000	1.734002	-1.686762	3.420764
0.706000	1.736351	-1.682086	3.418437
0.707000	1.738683	-1.677441	3.416125
0.708000	1.741000	-1.672827	3.413828
0.709000	1.743302	-1.668245	3.411547
0.710000	1.745587	-1.663694	3.409282
0.711000	1.747857	-1.659174	3.407032
0.712000	1.750114	-1.654683	3.404797
0.713000	1.752356	-1.650223	3.402579
0.714000	1.754579	-1.645796	3.400375
0.715000	1.756787	-1.641401	3.398188
0.716000	1.758979	-1.637038	3.396017
0.717000	1.761155	-1.632707	3.393862
0.718000	1.763314	-1.628407	3.391721
0.719000	1.765457	-1.624140	3.389597
0.720000	1.767584	-1.619905	3.387489
0.721000	1.769695	-1.615701	3.385396
0.722000	1.771791	-1.611529	3.383319
0.723000	1.773869	-1.607390	3.381259
0.724000	1.775936	-1.603278	3.379213
0.725000	1.777986	-1.599198	3.377184
0.726000	1.780021	-1.595149	3.375170
0.727000	1.782039	-1.591133	3.373172
0.728000	1.784040	-1.587149	3.371189
0.729000	1.786027	-1.583196	3.369223
0.730000	1.787997	-1.579275	3.367272
0.731000	1.789950	-1.575386	3.365336
0.732000	1.791890	-1.571526	3.363416
0.733000	1.793815	-1.567697	3.361512
0.734000	1.795723	-1.563900	3.359623
0.735000	1.797616	-1.560134	3.357750
0.736000	1.799491	-1.556401	3.355892
0.737000	1.801352	-1.552698	3.354050
0.738000	1.803196	-1.549026	3.352222
0.739000	1.805028	-1.545382	3.350410
0.740000	1.806844	-1.541769	3.348614
0.741000	1.808644	-1.538188	3.346832
0.742000	1.810428	-1.534638	3.345066
0.743000	1.812196	-1.531119	3.343314
0.744000	1.813948	-1.527630	3.341578
0.745000	1.815689	-1.524168	3.339857
0.746000	1.817414	-1.520737	3.338151
0.747000	1.819122	-1.517337	3.336460
0.748000	1.820814	-1.513968	3.334783
0.749000	1.822492	-1.510630	3.333121
0.750000	1.824158	-1.507315	3.331474
0.751000	1.825810	-1.504032	3.329842
0.752000	1.827445	-1.500779	3.328224
0.753000	1.829064	-1.497557	3.326621
0.754000	1.830668	-1.494364	3.325033
0.755000	1.832261	-1.491197	3.323458
0.756000	1.833837	-1.488061	3.321899
0.757000	1.835400	-1.484954	3.320353
0.758000	1.836946	-1.481875	3.318822
0.759000	1.838482	-1.478823	3.317305
0.760000	1.840002	-1.475800	3.315802
0.761000	1.841506	-1.472807	3.314313
0.762000	1.842997	-1.469841	3.312838
0.763000	1.844476	-1.466901	3.311377
0.764000	1.845939	-1.463991	3.309930
0.765000	1.847389	-1.461108	3.308497
0.766000	1.848823	-1.458254	3.307077
0.767000	1.850246	-1.455425	3.305671
0.768000	1.851654	-1.452625	3.304279
0.769000	1.853049	-1.449852	3.302900
0.770000	1.854431	-1.447104	3.301535
0.771000	1.855799	-1.444384	3.300183
0.772000	1.857154	-1.441692	3.298845
0.773000	1.858493	-1.439027	3.297520
0.774000	1.859822	-1.436386	3.296208
0.775000	1.861135	-1.433774	3.294909
0.776000	1.862434	-1.431189	3.293623
0.777000	1.863724	-1.428627	3.292350
0.778000	1.864999	-1.426092	3.291091
0.779000	1.866259	-1.423584	3.289844
0.780000	1.867508	-1.421101	3.288609
0.781000	1.868745	-1.418643	3.287389
0.782000	1.869969	-1.416211	3.286180
0.783000	1.871182	-1.413803	3.284984
0.784000	1.872381	-1.411420	3.283801
0.785000	1.873565	-1.409064	3.282630
0.786000	1.874741	-1.406731	3.281471
0.787000	1.875902	-1.404424	3.280325
0.788000	1.877050	-1.402142	3.279192
0.789000	1.878188	-1.399883	3.278071
0.790000	1.879312	-1.397650	3.276962
0.791000	1.880422	-1.395442	3.275864
0.792000	1.881522	-1.393257	3.274779
0.793000	1.882609	-1.391097	3.273706
0.794000	1.883682	-1.388963	3.272645
0.795000	1.884746	-1.386850	3.271596
0.796000	1.885796	-1.384762	3.270558
0.797000	1.886837	-1.382695	3.269532
0.798000	1.887866	-1.380653	3.268518
0.799000	1.888881	-1.378635	3.267516
0.800000	1.889886	-1.376639	3.266525
0.801000	1.890879	-1.374666	3.265545
0.802000	1.891859	-1.372719	3.264578
0.803000	1.892829	-1.370792	3.263621
0.804000	1.893788	-1.368888	3.262676
0.805000	1.894736	-1.367006	3.261742
0.806000	1.895673	-1.365147	3.260819
0.807000	1.896599	-1.363309	3.259908
0.808000	1.897513	-1.361495	3.259007
0.809000	1.898414	-1.359704	3.258118
0.810000	1.899306	-1.357933	3.257239
0.811000	1.900187	-1.356185	3.256372
0.812000	1.901057	-1.354458	3.255515
0.813000	1.901916	-1.352753	3.254669
0.814000	1.902764	-1.351069	3.253834
0.815000	1.903601	-1.349408	3.253010
0.816000	1.904427	-1.347769	3.252196
0.817000	1.905242	-1.346151	3.251393
0.818000	1.906047	-1.344553	3.250600
0.819000	1.906843	-1.342975	3.249818
0.820000	1.907627	-1.341419	3.249047
0.821000	1.908403	-1.339882	3.248285
0.822000	1.909167	-1.338368	3.247534
0.823000	1.909921	-1.336873	3.246794
0.824000	1.910663	-1.335400	3.246063
0.825000	1.911397	-1.333946	3.245342
0.826000	1.912119	-1.332514	3.244633
0.827000	1.912833	-1.331100	3.243933
0.828000	1.913536	-1.329707	3.243243
0.829000	1.914229	-1.328333	3.242562
0.830000	1.914912	-1.326981	3.241892
0.831000	1.915582	-1.325650	3.241232
0.832000	1.916245	-1.324337	3.240582
0.833000	1.916896	-1.323045	3.239941
0.834000	1.917539	-1.321771	3.239310
0.835000	1.918171	-1.320518	3.238689
0.836000	1.918794	-1.319284	3.238078
0.837000	1.919408	-1.318067	3.237476
0.838000	1.920013	-1.316870	3.236883
0.839000	1.920610	-1.315691	3.236300
0.840000	1.921195	-1.314532	3.235727
0.841000	1.921772	-1.313391	3.235163
0.842000	1.922339	-1.312269	3.234608
0.843000	1.922898	-1.311165	3.234063
0.844000	1.923445	-1.310082	3.233527
0.845000	1.923984	-1.309016	3.233000
0.846000	1.924513	-1.307969	3.232482
0.847000	1.925034	-1.306940	3.231974
0.848000	1.925545	-1.305931	3.231475
0.849000	1.926047	-1.304938	3.230985
0.850000	1.926539	-1.303965	3.230504
0.851000	1.927023	-1.303009	3.230032
0.852000	1.927497	-1.302071	3.229568
0.853000	1.927963	-1.301151	3.229115
0.854000	1.928421	-1.300248	3.228669
0.855000	1.928870	-1.299363	3.228233
0.856000	1.929311	-1.298494	3.227805
0.857000	1.929741	-1.297645	3.227386
0.858000	1.930164	-1.296812	3.226976
0.859000	1.930576	-1.295998	3.226574
0.860000	1.930980	-1.295201	3.226181
0.861000	1.931377	-1.294420	3.225797
0.862000	1.931764	-1.293657	3.225421
0.863000	1.932144	-1.292910	3.225054
0.864000	1.932514	-1.292182	3.224696
0.865000	1.932878	-1.291469	3.224346
0.866000	1.933229	-1.290774	3.224004
0.867000	1.933574	-1.290097	3.223671
0.868000	1.933911	-1.289434	3.223346
0.869000	1.934239	-1.288790	3.223029
0.870000	1.934560	-1.288161	3.222721
0.871000	1.934871	-1.287550	3.222421
0.872000	1.935175	-1.286955	3.222130
0.873000	1.935471	-1.286375	3.221846
0.874000	1.935758	-1.285813	3.221571
0.875000	1.936036	-1.285268	3.221304
0.876000	1.936306	-1.284739	3.221045
0.877000	1.936568	-1.284225	3.220793
0.878000	1.936824	-1.283727	3.220551
0.879000	1.937070	-1.283246	3.220316
0.880000	1.937309	-1.282780	3.220089
0.881000	1.937542	-1.282329	3.219871
0.882000	1.937765	-1.281894	3.219659
0.883000	1.937980	-1.281476	3.219456
0.884000	1.938187	-1.281074	3.219261
0.885000	1.938387	-1.280687	3.219074
0.886000	1.938580	-1.280314	3.218894
0.887000	1.938763	-1.279960	3.218723
0.888000	1.938939	-1.279620	3.218559
0.889000	1.939108	-1.279295	3.218403
0.890000	1.939268	-1.278987	3.218255
0.891000	1.939420	-1.278694	3.218114
0.892000	1.939564	-1.278417	3.217981
0.893000	1.939701	-1.278155	3.217856
0.894000	1.939831	-1.277907	3.217738
0.895000	1.939952	-1.277676	3.217628
0.896000	1.940067	-1.277459	3.217526
0.897000	1.940174	-1.277257	3.217430
0.898000	1.940273	-1.277070	3.217343
0.899000	1.940365	-1.276898	3.217263
0.900000	1.940451	-1.276740	3.217191
0.901000	1.940527	-1.276599	3.217126
0.902000	1.940597	-1.276472	3.217069
0.903000	1.940660	-1.276358	3.217018
0.904000	1.940714	-1.276262	3.216976
0.905000	1.940762	-1.276179	3.216941
0.906000	1.940803	-1.276109	3.216913
0.907000	1.940835	-1.276057	3.216892
0.908000	1.940860	-1.276019	3.216879
0.909000	1.940880	-1.275993	3.216873
0.910000	1.940890	-1.275984	3.216875
0.911000	1.940894	-1.275989	3.216883
0.912000	1.940891	-1.276008	3.216899
0.913000	1.940879	-1.276042	3.216922
0.914000	1.940862	-1.276090	3.216952
0.915000	1.940838	-1.276152	3.216990
0.916000	1.940804	-1.276230	3.217035
0.917000	1.940764	-1.276322	3.217086
0.918000	1.940718	-1.276427	3.217145
0.919000	1.940663	-1.276548	3.217211
0.920000	1.940603	-1.276681	3.217284
0.921000	1.940536	-1.276829	3.217365
0.922000	1.940462	-1.276989	3.217452
0.923000	1.940381	-1.277166	3.217547
0.924000	1.940293	-1.277355	3.217648
0.925000	1.940199	-1.277557	3.217756
0.926000	1.940096	-1.277776	3.217872
0.927000	1.939986	-1.278008	3.217995
0.928000	1.939871	-1.278254	3.218124
0.929000	1.939746	-1.278515	3.218261
0.930000	1.939615	-1.278789	3.218404
0.931000	1.939478	-1.279076	3.218554
0.932000	1.939335	-1.279377	3.218712
0.933000	1.939183	-1.279693	3.218876
0.934000	1.939025	-1.280022	3.219047
0.935000	1.938861	-1.280364	3.219225
0.936000	1.938689	-1.280721	3.219410
0.937000	1.938511	-1.281092	3.219602
0.938000	1.938326	-1.281475	3.219801
0.939000	1.938132	-1.281874	3.220006
0.940000	1.937932	-1.282286	3.220218
0.941000	1.937727	-1.282710	3.220438
0.942000	1.937515	-1.283148	3.220663
0.943000	1.937295	-1.283602	3.220896
0.944000	1.937069	-1.284067	3.221136
0.945000	1.936837	-1.284545	3.221382
0.946000	1.936598	-1.285037	3.221635
0.947000	1.936352	-1.285544	3.221896
0.948000	1.936099	-1.286063	3.222162
0.949000	1.935841	-1.286595	3.222436
0.950000	1.935573	-1.287143	3.222716
0.951000	1.935300	-1.287703	3.223003
0.952000	1.935020	-1.288277	3.223297
0.953000	1.934734	-1.288863	3.223597
0.954000	1.934441	-1.289464	3.223905
0.955000	1.934141	-1.290077	3.224218
0.956000	1.933836	-1.290703	3.224539
0.957000	1.933523	-1.291343	3.224866
0.958000	1.933203	-1.291997	3.225200
0.959000	1.932877	-1.292664	3.225541
0.960000	1.932545	-1.293344	3.225888
0.961000	1.932206	-1.294036	3.226242
0.962000	1.931860	-1.294743	3.226603
0.963000	1.931507	-1.295463	3.226970
0.964000	1.931149	-1.296195	3.227344
0.965000	1.930781	-1.296943	3.227724
0.966000	1.930409	-1.297703	3.228112
0.967000	1.930028	-1.298477	3.228506
0.968000	1.929644	-1.299262	3.228906
0.969000	1.929252	-1.300062	3.229313
0.970000	1.928853	-1.300875	3.229728
0.971000	1.928448	-1.301700	3.230148
0.972000	1.928036	-1.302539	3.230575
0.973000	1.927616	-1.303393	3.231009
0.974000	1.927191	-1.304258	3.231450
0.975000	1.926760	-1.305136	3.231896
0.976000	1.926323	-1.306027	3.232350
0.977000	1.925878	-1.306933	3.232810
0.978000	1.925425	-1.307852	3.233277
0.979000	1.924968	-1.308784	3.233751
0.980000	1.924504	-1.309728	3.234231
0.981000	1.924034	-1.310684	3.234718
0.982000	1.923556	-1.311655	3.235211
0.983000	1.923072	-1.312639	3.235711
0.984000	1.922582	-1.313636	3.236218
0.985000	1.922086	-1.314645	3.236731
0.986000	1.921581	-1.315670	3.237251
0.987000	1.921071	-1.316707	3.237778
0.988000	1.920555	-1.317756	3.238311
0.989000	1.920032	-1.318818	3.238850
0.990000	1.919502	-1.319895	3.239397
0.991000	1.918966	-1.320984	3.239950
0.992000	1.918422	-1.322087	3.240509
0.993000	1.917873	-1.323202	3.241075
0.994000	1.917316	-1.324333	3.241648
0.995000	1.916753	-1.325475	3.242228
0.996000	1.916183	-1.326631	3.242814
0.997000	1.915607	-1.327799	3.243407
0.998000	1.915025	-1.328982	3.244007
0.999000	1.914436	-1.330177	3.244613
