#Cycle	Epot	P

 1	-0.050841	0.000000
 2	-1.483601	0.000000
 3	-4.704614	0.000000
 4	-8.268107	0.000000
 5	-12.751693	0.000000
 6	-19.191558	0.000000
 7	-23.519305	0.000000
 8	-26.078692	0.000000
 9	-31.126868	0.000000
 10	-33.645378	0.000000
 11	-37.160207	0.000000
 12	-38.434940	0.000000
 13	-39.895968	0.000000
 14	-43.585375	0.000000
 15	-46.526320	0.000000
 16	-48.700034	0.000000
 17	-49.934778	0.000000
 18	-50.666382	0.000000
 19	-52.003385	0.000000
 20	-53.606365	0.000000
 21	-54.474967	0.000000
 22	-55.595531	0.000000
 23	-56.276456	0.000000
 24	-57.595746	0.000000
 25	-58.975838	0.000000
 26	-59.111770	0.000000
 27	-59.282392	0.000000
 28	-59.974004	0.000000
 29	-60.313284	0.000000
 30	-60.706816	0.000000
 31	-60.909979	0.000000
 32	-61.259690	0.000000
 33	-61.742634	0.000000
 34	-61.978192	0.000000
 35	-62.381550	0.000000
 36	-62.996058	0.000000
 37	-63.616692	0.000000
 38	-63.996675	0.000000
 39	-64.180455	0.000000
 40	-64.339923	0.000000
 41	-64.981112	0.000000
 42	-65.426652	0.000000
 43	-65.571475	0.000000
 44	-65.886568	0.000000
 45	-66.578282	0.000000
 46	-66.779434	0.000000
 47	-68.102762	0.000000
 48	-68.303362	0.000000
 49	-68.755802	0.000000
 50	-68.761077	0.000000
 51	-68.797390	0.000000
 52	-68.889550	0.000000
 53	-68.916995	0.000000
 54	-68.945576	0.000000
 55	-69.227704	0.000000
 56	-69.526740	0.000000
 57	-69.916178	0.000000
 58	-70.787380	0.000000
 59	-70.911245	0.000000
 60	-70.939209	0.000000
 61	-71.126719	0.000000
 62	-71.214370	0.000000
 63	-71.222563	0.000000
 64	-71.493965	0.000000
 65	-71.913580	0.000000
 66	-72.447028	0.000000
 67	-72.463957	0.000000
 68	-72.796370	0.000000
 69	-73.154372	0.000000
 70	-73.167101	0.000000
 71	-73.313480	0.000000
 72	-73.313480	0.000000
 73	-73.619826	0.000000
 74	-73.955591	0.000000
 75	-73.996033	0.000000
 76	-74.787770	0.000000
 77	-74.801391	0.000000
 78	-74.805308	0.000000
 79	-74.822992	0.000000
 80	-74.989989	0.000000
 81	-75.075383	0.000000
 82	-75.121549	0.000000
 83	-75.128097	0.000000
 84	-75.130400	0.000000
 85	-75.130400	0.000000
 86	-75.320217	0.000000
 87	-75.643418	0.000000
 88	-75.650522	0.000000
 89	-75.728788	0.000000
 90	-75.728788	0.000000
 91	-75.728788	0.000000
 92	-75.728788	0.000000
 93	-75.889234	0.000000
 94	-75.905102	0.000000
 95	-75.972697	0.000000
 96	-76.494016	0.000000
 97	-76.658810	0.000000
 98	-76.668827	0.000000
 99	-76.759234	0.000000
 100	-76.861601	0.000000
 101	-76.939935	0.000000
 102	-76.945224	0.000000
 103	-76.978344	0.000000
 104	-77.067477	0.000000
 105	-77.165805	0.000000
 106	-77.276802	0.000000
 107	-78.000530	0.000000
 108	-78.082147	0.000000
 109	-78.307848	0.000000
 110	-78.464901	0.000000
 111	-78.568352	0.000000
 112	-78.568352	0.000000
 113	-78.568393	0.000000
 114	-78.570005	0.000000
 115	-78.595320	0.000000
 116	-78.625165	0.000000
 117	-78.631599	0.000000
 118	-78.631599	0.000000
 119	-78.637394	0.000000
 120	-78.664748	0.000000
 121	-78.823928	0.000000
 122	-78.858672	0.000000
 123	-78.960494	0.000000
 124	-78.964635	0.000000
 125	-78.964635	0.000000
 126	-79.050688	0.000000
 127	-79.705900	0.000000
 128	-79.986554	0.000000
 129	-80.021672	0.000000
 130	-80.155707	0.000000
 131	-80.213312	0.000000
 132	-80.450580	0.000000
 133	-81.167991	0.000000
 134	-81.193534	0.000000
 135	-81.193534	0.000000
 136	-81.193534	0.000000
 137	-81.193534	0.000000
 138	-81.193534	0.000000
 139	-81.193534	0.000000
 140	-81.193601	0.000000
 141	-81.206668	0.000000
 142	-81.223855	0.000000
 143	-81.223855	0.000000
 144	-81.444375	0.000000
 145	-81.761707	0.000000
 146	-81.976249	0.000000
 147	-82.239061	0.000000
 148	-82.597514	0.000000
 149	-82.870935	0.000000
 150	-83.248516	0.000000
 151	-83.319912	0.000000
 152	-83.572855	0.000000
 153	-84.520287	0.000000
 154	-85.146599	0.000000
 155	-85.146599	0.000000
 156	-85.160787	0.000000
 157	-85.186730	0.000000
 158	-85.197241	0.000000
 159	-85.197241	0.000000
 160	-85.265994	0.000000
 161	-85.308133	0.000000
 162	-85.334344	0.000000
 163	-85.463553	0.000000
 164	-85.463553	0.000000
 165	-85.469007	0.000000
 166	-85.471677	0.000000
 167	-85.546726	0.000000
 168	-85.671478	0.000000
 169	-85.855629	0.000000
 170	-85.923554	0.000000
 171	-85.927759	0.000000
 172	-85.928115	0.000000
 173	-85.928115	0.000000
 174	-85.928115	0.000000
 175	-86.016082	0.000000
 176	-86.113342	0.000000
 177	-86.208538	0.000000
 178	-86.431667	0.000000
 179	-86.471274	0.000000
 180	-86.471274	0.000000
 181	-86.471274	0.000000
 182	-86.471310	0.000000
 183	-86.471355	0.000000
 184	-86.471355	0.000000
 185	-86.494423	0.000000
 186	-86.505790	0.000000
 187	-86.505790	0.000000
 188	-86.551285	0.000000
 189	-87.643173	0.000000
 190	-87.643173	0.000000
 191	-87.681628	0.000000
 192	-87.796994	0.000000
 193	-87.809225	0.000000
 194	-87.820344	0.000000
 195	-87.820344	0.000000
 196	-87.820344	0.000000
 197	-87.955683	0.000000
 198	-88.005740	0.000000
 199	-88.208987	0.000000
 200	-88.292003	0.000000
 201	-88.292003	0.000000
 202	-88.292003	0.000000
 203	-88.292003	0.000000
 204	-88.340604	0.000000
 205	-88.341095	0.000000
 206	-88.341095	0.000000
 207	-88.341095	0.000000
 208	-88.341095	0.000000
 209	-88.363471	0.000000
 210	-88.488229	0.000000
 211	-88.571810	0.000000
 212	-88.571810	0.000000
 213	-88.571810	0.000000
 214	-88.587271	0.000000
 215	-88.602733	0.000000
 216	-88.602733	0.000000
 217	-88.605116	0.000000
 218	-88.839448	0.000000
 219	-88.954287	0.000000
 220	-88.954287	0.000000
 221	-88.972762	0.000000
 222	-89.034613	0.000000
 223	-89.034613	0.000000
 224	-89.034613	0.000000
 225	-89.034613	0.000000
 226	-89.034613	0.000000
 227	-89.048397	0.000000
 228	-89.159918	0.000000
 229	-89.176858	0.000000
 230	-89.190456	0.000000
 231	-89.200217	0.000000
 232	-89.200217	0.000000
 233	-89.200217	0.000000
 234	-89.200217	0.000000
 235	-89.200217	0.000000
 236	-89.235710	0.000000
 237	-89.342187	0.000000
 238	-89.360513	0.000000
 239	-89.381179	0.000000
 240	-89.381234	0.000000
 241	-89.381263	0.000000
 242	-89.381263	0.000000
 243	-89.381263	0.000000
 244	-89.381263	0.000000
 245	-89.381263	0.000000
 246	-89.381263	0.000000
 247	-89.381263	0.000000
 248	-89.381263	0.000000
 249	-89.409074	0.000000
 250	-89.454449	0.000000
 251	-89.455767	0.000000
 252	-89.520366	0.000000
 253	-89.520366	0.000000
 254	-89.520366	0.000000
 255	-89.520366	0.000000
 256	-89.520366	0.000000
 257	-89.520366	0.000000
 258	-89.520366	0.000000
 259	-89.520366	0.000000
 260	-89.520366	0.000000
 261	-89.520366	0.000000
 262	-89.520366	0.000000
 263	-89.548391	0.000000
 264	-89.634321	0.000000
 265	-90.329576	0.000000
 266	-90.329576	0.000000
 267	-90.329576	0.000000
 268	-90.329576	0.000000
 269	-90.360909	0.000000
 270	-90.472001	0.000000
 271	-90.472001	0.000000
 272	-90.497277	0.000000
 273	-90.511494	0.000000
 274	-90.511515	0.000000
 275	-90.511924	0.000000
 276	-90.511925	0.000000
 277	-90.511925	0.000000
 278	-90.511925	0.000000
 279	-90.511925	0.000000
 280	-90.547813	0.000000
 281	-90.629566	0.000000
 282	-90.663947	0.000000
 283	-90.675527	0.000000
 284	-90.675527	0.000000
 285	-90.675527	0.000000
 286	-90.675527	0.000000
 287	-90.675527	0.000000
 288	-90.675527	0.000000
 289	-90.675527	0.000000
 290	-90.710462	0.000000
 291	-90.739045	0.000000
 292	-90.739045	0.000000
 293	-90.739045	0.000000
 294	-90.739045	0.000000
 295	-90.739045	0.000000
 296	-90.739045	0.000000
 297	-90.739045	0.000000
 298	-90.762206	0.000000
 299	-90.813759	0.000000
 300	-90.813759	0.000000
 301	-90.813759	0.000000
 302	-90.813759	0.000000
 303	-90.813759	0.000000
 304	-90.813759	0.000000
 305	-90.813795	0.000000
 306	-90.813867	0.000000
 307	-90.814098	0.000000
 308	-90.814228	0.000000
 309	-90.814228	0.000000
 310	-90.814228	0.000000
 311	-90.814228	0.000000
 312	-90.814228	0.000000
 313	-90.814228	0.000000
 314	-90.814228	0.000000
 315	-90.814228	0.000000
 316	-90.814228	0.000000
 317	-90.814228	0.000000
 318	-90.814228	0.000000
 319	-90.828031	0.000000
 320	-90.835462	0.000000
 321	-90.835462	0.000000
 322	-90.835541	0.000000
 323	-90.835581	0.000000
 324	-90.835581	0.000000
 325	-90.835581	0.000000
 326	-90.860337	0.000000
 327	-90.900731	0.000000
 328	-90.900731	0.000000
 329	-90.900731	0.000000
 330	-90.900731	0.000000
 331	-90.900731	0.000000
 332	-90.900731	0.000000
 333	-90.900731	0.000000
 334	-90.900731	0.000000
 335	-90.900731	0.000000
 336	-90.900734	0.000000
 337	-90.900735	0.000000
 338	-90.900735	0.000000
 339	-90.900735	0.000000
 340	-90.900735	0.000000
 341	-90.900735	0.000000
 342	-90.900735	0.000000
 343	-90.939438	0.000000
 344	-90.956100	0.000000
 345	-90.956312	0.000000
 346	-90.956312	0.000000
 347	-90.956312	0.000000
 348	-90.956312	0.000000
 349	-90.956312	0.000000
 350	-90.973121	0.000000
 351	-90.986328	0.000000
 352	-90.986328	0.000000
 353	-90.986328	0.000000
 354	-90.986328	0.000000
 355	-90.986328	0.000000
 356	-90.986328	0.000000
 357	-90.986328	0.000000
 358	-90.986328	0.000000
 359	-90.986328	0.000000
 360	-90.986328	0.000000
 361	-90.986328	0.000000
 362	-90.986328	0.000000
 363	-90.986328	0.000000
 364	-90.986328	0.000000
 365	-90.986328	0.000000
 366	-91.014084	0.000000
 367	-91.044152	0.000000
 368	-91.044152	0.000000
 369	-91.044152	0.000000
 370	-91.044152	0.000000
 371	-91.044152	0.000000
 372	-91.044152	0.000000
 373	-91.047715	0.000000
 374	-91.053783	0.000000
 375	-91.053783	0.000000
 376	-91.053783	0.000000
 377	-91.053783	0.000000
 378	-91.053799	0.000000
 379	-91.053805	0.000000
 380	-91.060492	0.000000
 381	-91.071403	0.000000
 382	-91.071403	0.000000
 383	-91.071403	0.000000
 384	-91.071403	0.000000
 385	-91.071403	0.000000
 386	-91.071403	0.000000
 387	-91.071403	0.000000
 388	-91.071403	0.000000
 389	-91.071403	0.000000
 390	-91.071403	0.000000
 391	-91.100392	0.000000
 392	-91.101918	0.000000
 393	-91.101918	0.000000
 394	-91.101918	0.000000
 395	-91.101918	0.000000
 396	-91.101918	0.000000
 397	-91.101960	0.000000
 398	-91.102019	0.000000
 399	-91.102019	0.000000
 400	-91.102019	0.000000
 401	-91.102019	0.000000
 402	-91.102019	0.000000
 403	-91.102019	0.000000
 404	-91.102019	0.000000
 405	-91.102019	0.000000
 406	-91.102019	0.000000
 407	-91.102019	0.000000
 408	-91.102019	0.000000
 409	-91.102019	0.000000
 410	-91.102019	0.000000
 411	-91.102019	0.000000
 412	-91.102019	0.000000
 413	-91.102019	0.000000
 414	-91.102019	0.000000
 415	-91.102019	0.000000
 416	-91.102019	0.000000
 417	-91.102019	0.000000
 418	-91.102019	0.000000
 419	-91.102019	0.000000
 420	-91.102019	0.000000
 421	-91.102019	0.000000
 422	-91.102019	0.000000
 423	-91.102019	0.000000
 424	-91.102019	0.000000
 425	-91.102019	0.000000
 426	-91.102019	0.000000
 427	-91.102019	0.000000
 428	-91.102019	0.000000
 429	-91.102019	0.000000
 430	-91.102019	0.000000
 431	-91.102019	0.000000
 432	-91.102019	0.000000
 433	-91.102019	0.000000
 434	-91.224574	0.000000
 435	-91.230239	0.000000
 436	-91.236662	0.000000
 437	-91.236662	0.000000
 438	-91.236662	0.000000
 439	-91.236662	0.000000
 440	-91.243475	0.000000
 441	-91.254590	0.000000
 442	-91.254590	0.000000
 443	-91.258920	0.000000
 444	-91.275212	0.000000
 445	-91.275212	0.000000
 446	-91.275212	0.000000
 447	-91.275212	0.000000
 448	-91.275212	0.000000
 449	-91.275212	0.000000
 450	-91.275212	0.000000
 451	-91.275212	0.000000
 452	-91.275212	0.000000
 453	-91.275212	0.000000
 454	-91.275212	0.000000
 455	-91.275212	0.000000
 456	-91.275212	0.000000
 457	-91.275212	0.000000
 458	-91.280893	0.000000
 459	-91.283214	0.000000
 460	-91.283214	0.000000
 461	-91.283214	0.000000
 462	-91.283214	0.000000
 463	-91.283214	0.000000
 464	-91.293815	0.000000
 465	-91.311867	0.000000
 466	-91.311867	0.000000
 467	-91.311867	0.000000
 468	-91.311867	0.000000
 469	-91.311867	0.000000
 470	-91.314471	0.000000
 471	-91.321167	0.000000
 472	-91.323054	0.000000
 473	-91.324599	0.000000
 474	-91.324599	0.000000
 475	-91.324599	0.000000
 476	-91.324599	0.000000
 477	-91.324599	0.000000
 478	-91.324599	0.000000
 479	-91.324599	0.000000
 480	-91.324599	0.000000
 481	-91.324599	0.000000
 482	-91.324599	0.000000
 483	-91.324599	0.000000
 484	-91.324599	0.000000
 485	-91.324599	0.000000
 486	-91.324599	0.000000
 487	-91.324599	0.000000
 488	-91.343087	0.000000
 489	-91.349583	0.000000
 490	-91.349583	0.000000
 491	-91.349583	0.000000
 492	-91.349583	0.000000
 493	-91.349583	0.000000
 494	-91.349583	0.000000
 495	-91.349583	0.000000
 496	-91.349583	0.000000
 497	-91.349583	0.000000
 498	-91.349583	0.000000
 499	-91.349583	0.000000
 500	-91.349583	0.000000
 501	-91.349583	0.000000
 502	-91.349583	0.000000
 503	-91.349583	0.000000
 504	-91.349583	0.000000
 505	-91.349583	0.000000
 506	-91.349583	0.000000
 507	-91.369357	0.000000
 508	-91.481412	0.000000
 509	-91.481412	0.000000
 510	-91.481412	0.000000
 511	-91.481412	0.000000
 512	-91.481412	0.000000
 513	-91.481412	0.000000
 514	-91.481412	0.000000
 515	-91.481412	0.000000
 516	-91.496104	0.000000
 517	-91.505898	0.000000
 518	-91.505898	0.000000
 519	-91.505898	0.000000
 520	-91.513013	0.000000
 521	-91.526824	0.000000
 522	-91.526824	0.000000
 523	-91.526824	0.000000
 524	-91.526824	0.000000
 525	-91.526824	0.000000
 526	-91.526824	0.000000
 527	-91.526824	0.000000
 528	-91.554487	0.000000
 529	-91.555343	0.000000
 530	-91.555343	0.000000
 531	-91.555343	0.000000
 532	-91.555343	0.000000
 533	-91.555343	0.000000
 534	-91.555808	0.000000
 535	-91.556895	0.000000
 536	-91.556895	0.000000
 537	-91.556895	0.000000
 538	-91.556895	0.000000
 539	-91.556895	0.000000
 540	-91.556895	0.000000
 541	-91.556895	0.000000
 542	-91.556895	0.000000
 543	-91.556895	0.000000
 544	-91.556895	0.000000
 545	-91.557846	0.000000
 546	-91.581590	0.000000
 547	-91.581789	0.000000
 548	-91.581789	0.000000
 549	-91.581789	0.000000
 550	-91.581789	0.000000
 551	-91.581789	0.000000
 552	-91.581789	0.000000
 553	-91.763803	0.000000
 554	-92.154929	0.000000
 555	-92.317779	0.000000
 556	-92.507750	0.000000
 557	-92.507750	0.000000
 558	-92.507750	0.000000
 559	-92.507750	0.000000
 560	-92.507750	0.000000
 561	-92.511947	0.000000
 562	-92.517509	0.000000
 563	-92.518619	0.000000
 564	-92.518619	0.000000
 565	-92.518619	0.000000
 566	-92.518619	0.000000
 567	-92.518619	0.000000
 568	-92.518619	0.000000
 569	-92.540192	0.000000
 570	-92.590528	0.000000
 571	-92.590528	0.000000
 572	-92.590528	0.000000
 573	-92.590528	0.000000
 574	-92.590528	0.000000
 575	-92.590528	0.000000
 576	-92.590528	0.000000
 577	-92.593609	0.000000
 578	-92.594692	0.000000
 579	-92.595624	0.000000
 580	-92.600907	0.000000
 581	-92.600907	0.000000
 582	-92.600907	0.000000
 583	-92.600907	0.000000
 584	-92.600907	0.000000
 585	-92.600907	0.000000
 586	-92.600907	0.000000
 587	-92.600907	0.000000
 588	-92.600907	0.000000
 589	-92.600907	0.000000
 590	-92.600907	0.000000
 591	-92.600907	0.000000
 592	-92.600907	0.000000
 593	-92.600907	0.000000
 594	-92.600907	0.000000
 595	-92.600907	0.000000
 596	-92.600907	0.000000
 597	-92.600907	0.000000
 598	-92.600907	0.000000
 599	-92.600907	0.000000
 600	-92.600907	0.000000
 601	-92.600907	0.000000
 602	-92.600907	0.000000
 603	-92.600907	0.000000
 604	-92.600907	0.000000
 605	-92.600907	0.000000
 606	-92.600907	0.000000
 607	-92.600907	0.000000
 608	-92.600907	0.000000
 609	-92.600907	0.000000
 610	-92.600907	0.000000
 611	-92.600907	0.000000
 612	-92.600907	0.000000
 613	-92.600907	0.000000
 614	-92.600907	0.000000
 615	-92.600907	0.000000
 616	-92.620799	0.000000
 617	-92.646617	0.000000
 618	-92.647789	0.000000
 619	-92.647789	0.000000
 620	-92.647789	0.000000
 621	-92.647789	0.000000
 622	-92.647789	0.000000
 623	-92.647789	0.000000
 624	-92.647789	0.000000
 625	-92.654867	0.000000
 626	-92.706773	0.000000
 627	-92.706773	0.000000
 628	-92.706773	0.000000
 629	-92.706773	0.000000
 630	-92.706773	0.000000
 631	-92.829177	0.000000
 632	-92.998210	0.000000
 633	-92.998210	0.000000
 634	-92.998223	0.000000
 635	-92.998223	0.000000
 636	-92.998223	0.000000
 637	-92.998223	0.000000
 638	-92.998223	0.000000
 639	-92.998223	0.000000
 640	-92.998223	0.000000
 641	-93.015383	0.000000
 642	-93.037221	0.000000
 643	-93.037221	0.000000
 644	-93.192511	0.000000
 645	-93.425447	0.000000
 646	-93.425447	0.000000
 647	-93.425447	0.000000
 648	-93.425447	0.000000
 649	-93.425447	0.000000
 650	-93.425447	0.000000
 651	-93.425447	0.000000
 652	-93.425447	0.000000
 653	-93.425447	0.000000
 654	-93.425447	0.000000
 655	-93.425473	0.000000
 656	-93.425473	0.000000
 657	-93.425473	0.000000
 658	-93.425473	0.000000
 659	-93.425474	0.000000
 660	-93.425476	0.000000
 661	-93.425476	0.000000
 662	-93.425476	0.000000
 663	-93.425476	0.000000
 664	-93.425476	0.000000
 665	-93.425476	0.000000
 666	-93.425476	0.000000
 667	-93.511203	0.000000
 668	-93.535382	0.000000
 669	-93.535382	0.000000
 670	-93.535382	0.000000
 671	-93.535382	0.000000
 672	-93.535382	0.000000
 673	-93.535382	0.000000
 674	-93.535382	0.000000
 675	-93.535382	0.000000
 676	-93.535382	0.000000
 677	-93.535382	0.000000
 678	-93.535382	0.000000
 679	-93.535382	0.000000
 680	-93.535382	0.000000
 681	-93.535382	0.000000
 682	-93.535382	0.000000
 683	-93.535382	0.000000
 684	-93.535382	0.000000
 685	-93.535382	0.000000
 686	-93.535382	0.000000
 687	-93.535382	0.000000
 688	-93.535382	0.000000
 689	-93.535382	0.000000
 690	-93.632631	0.000000
 691	-93.705994	0.000000
 692	-93.705994	0.000000
 693	-93.705994	0.000000
 694	-93.705994	0.000000
 695	-93.705994	0.000000
 696	-93.705994	0.000000
 697	-93.705994	0.000000
 698	-93.705994	0.000000
 699	-93.705994	0.000000
 700	-93.705994	0.000000
 701	-93.705994	0.000000
 702	-93.705994	0.000000
 703	-93.705994	0.000000
 704	-93.716924	0.000000
 705	-93.778859	0.000000
 706	-93.778859	0.000000
 707	-93.778859	0.000000
 708	-93.783625	0.000000
 709	-93.805338	0.000000
 710	-93.805338	0.000000
 711	-93.805338	0.000000
 712	-93.805338	0.000000
 713	-93.805338	0.000000
 714	-93.805338	0.000000
 715	-93.805338	0.000000
 716	-93.805338	0.000000
 717	-93.805338	0.000000
 718	-93.805338	0.000000
 719	-93.806361	0.000000
 720	-93.811735	0.000000
 721	-93.811735	0.000000
 722	-93.811735	0.000000
 723	-93.811735	0.000000
 724	-93.811735	0.000000
 725	-93.811735	0.000000
 726	-93.975002	0.000000
 727	-94.093230	0.000000
 728	-94.093230	0.000000
 729	-94.093230	0.000000
 730	-94.093230	0.000000
 731	-94.093230	0.000000
 732	-94.093230	0.000000
 733	-94.093230	0.000000
 734	-94.093230	0.000000
 735	-94.130386	0.000000
 736	-94.154142	0.000000
 737	-94.154142	0.000000
 738	-94.154142	0.000000
 739	-94.154142	0.000000
 740	-94.164080	0.000000
 741	-94.174847	0.000000
 742	-94.174847	0.000000
 743	-94.174847	0.000000
 744	-94.174847	0.000000
 745	-94.174847	0.000000
 746	-94.174847	0.000000
 747	-94.174847	0.000000
 748	-94.174847	0.000000
 749	-94.174847	0.000000
 750	-94.174847	0.000000
 751	-94.174847	0.000000
 752	-94.174847	0.000000
 753	-94.174847	0.000000
 754	-94.174847	0.000000
 755	-94.174847	0.000000
 756	-94.174847	0.000000
 757	-94.174847	0.000000
 758	-94.174847	0.000000
 759	-94.174847	0.000000
 760	-94.211454	0.000000
 761	-94.232953	0.000000
 762	-94.232953	0.000000
 763	-94.232953	0.000000
 764	-94.232953	0.000000
 765	-94.232953	0.000000
 766	-94.232953	0.000000
 767	-94.232953	0.000000
 768	-94.232953	0.000000
 769	-94.232953	0.000000
 770	-94.233348	0.000000
 771	-94.235145	0.000000
 772	-94.235145	0.000000
 773	-94.235145	0.000000
 774	-94.235145	0.000000
 775	-94.235145	0.000000
 776	-94.235145	0.000000
 777	-94.298795	0.000000
 778	-94.331584	0.000000
 779	-94.331584	0.000000
 780	-94.331584	0.000000
 781	-94.331584	0.000000
 782	-94.331584	0.000000
 783	-94.331584	0.000000
 784	-94.331584	0.000000
 785	-94.331584	0.000000
 786	-94.342435	0.000000
 787	-94.343127	0.000000
 788	-94.343127	0.000000
 789	-94.524255	0.000000
 790	-94.630631	0.000000
 791	-94.630631	0.000000
 792	-94.630631	0.000000
 793	-94.630631	0.000000
 794	-94.630631	0.000000
 795	-94.630631	0.000000
 796	-94.630631	0.000000
 797	-94.630631	0.000000
 798	-94.630631	0.000000
 799	-94.630631	0.000000
 800	-94.661277	0.000000
 801	-94.666265	0.000000
 802	-94.666265	0.000000
 803	-94.666265	0.000000
 804	-94.666265	0.000000
 805	-94.671076	0.000000
 806	-94.676764	0.000000
 807	-94.693591	0.000000
 808	-94.693591	0.000000
 809	-94.693591	0.000000
 810	-94.694958	0.000000
 811	-94.695145	0.000000
 812	-94.695145	0.000000
 813	-94.705087	0.000000
 814	-94.766184	0.000000
 815	-94.766193	0.000000
 816	-94.766193	0.000000
 817	-94.766193	0.000000
 818	-94.766193	0.000000
 819	-94.766193	0.000000
 820	-94.766193	0.000000
 821	-94.766193	0.000000
 822	-94.766193	0.000000
 823	-94.766193	0.000000
 824	-94.766193	0.000000
 825	-94.766193	0.000000
 826	-94.766193	0.000000
 827	-94.768909	0.000000
 828	-94.770247	0.000000
 829	-94.770247	0.000000
 830	-94.770247	0.000000
 831	-94.770247	0.000000
 832	-94.770247	0.000000
 833	-94.770247	0.000000
 834	-94.770247	0.000000
 835	-94.770247	0.000000
 836	-94.770247	0.000000
 837	-94.770247	0.000000
 838	-94.770247	0.000000
 839	-94.770247	0.000000
 840	-94.770247	0.000000
 841	-94.770247	0.000000
 842	-94.770247	0.000000
 843	-94.770247	0.000000
 844	-94.770247	0.000000
 845	-94.770247	0.000000
 846	-94.770247	0.000000
 847	-94.770247	0.000000
 848	-94.770247	0.000000
 849	-94.770247	0.000000
 850	-94.770247	0.000000
 851	-94.770247	0.000000
 852	-94.770247	0.000000
 853	-94.770247	0.000000
 854	-94.770247	0.000000
 855	-94.770247	0.000000
 856	-94.770247	0.000000
 857	-94.770247	0.000000
 858	-94.770247	0.000000
 859	-94.770247	0.000000
 860	-94.770247	0.000000
 861	-94.770247	0.000000
 862	-94.770247	0.000000
 863	-94.770247	0.000000
 864	-94.770247	0.000000
 865	-94.770247	0.000000
 866	-94.770247	0.000000
 867	-94.770247	0.000000
 868	-94.773741	0.000000
 869	-94.783685	0.000000
 870	-94.783685	0.000000
 871	-94.783685	0.000000
 872	-94.783685	0.000000
 873	-94.783685	0.000000
 874	-94.783685	0.000000
 875	-94.783685	0.000000
 876	-94.783685	0.000000
 877	-94.783685	0.000000
 878	-94.783685	0.000000
 879	-94.783685	0.000000
 880	-94.783685	0.000000
 881	-94.783685	0.000000
 882	-94.783685	0.000000
 883	-94.783685	0.000000
 884	-94.783685	0.000000
 885	-94.783685	0.000000
 886	-94.783713	0.000000
 887	-94.783748	0.000000
 888	-94.783748	0.000000
 889	-94.783748	0.000000
 890	-94.783748	0.000000
 891	-94.783748	0.000000
 892	-94.783748	0.000000
 893	-94.783748	0.000000
 894	-94.797221	0.000000
 895	-94.918475	0.000000
 896	-94.918475	0.000000
 897	-94.918475	0.000000
 898	-94.918475	0.000000
 899	-94.918475	0.000000
 900	-94.918475	0.000000
 901	-94.918475	0.000000
 902	-94.918475	0.000000
 903	-94.918475	0.000000
 904	-94.918475	0.000000
 905	-94.918475	0.000000
 906	-94.920045	0.000000
 907	-94.927196	0.000000
 908	-94.927196	0.000000
 909	-94.927196	0.000000
 910	-94.927196	0.000000
 911	-94.927196	0.000000
 912	-94.927196	0.000000
 913	-94.927196	0.000000
 914	-94.927196	0.000000
 915	-94.927196	0.000000
 916	-94.927196	0.000000
 917	-94.927196	0.000000
 918	-94.927196	0.000000
 919	-94.927196	0.000000
 920	-94.930409	0.000000
 921	-94.932063	0.000000
 922	-94.932063	0.000000
 923	-94.932063	0.000000
 924	-94.932063	0.000000
 925	-94.932063	0.000000
 926	-94.932063	0.000000
 927	-94.932063	0.000000
 928	-94.932063	0.000000
 929	-94.932086	0.000000
 930	-94.932108	0.000000
 931	-94.932108	0.000000
 932	-94.932108	0.000000
 933	-94.932108	0.000000
 934	-94.932108	0.000000
 935	-94.932108	0.000000
 936	-94.932108	0.000000
 937	-94.932108	0.000000
 938	-94.932108	0.000000
 939	-94.932108	0.000000
 940	-94.932108	0.000000
 941	-94.932108	0.000000
 942	-94.932108	0.000000
 943	-94.932108	0.000000
 944	-94.932108	0.000000
 945	-94.932108	0.000000
 946	-94.932108	0.000000
 947	-94.932108	0.000000
 948	-94.932108	0.000000
 949	-94.932108	0.000000
 950	-94.932108	0.000000
 951	-94.932108	0.000000
 952	-94.932108	0.000000
 953	-94.932108	0.000000
 954	-94.940805	0.000000
 955	-94.962097	0.000000
 956	-94.962097	0.000000
 957	-94.962097	0.000000
 958	-94.962097	0.000000
 959	-94.962097	0.000000
 960	-94.962097	0.000000
 961	-94.962097	0.000000
 962	-94.962097	0.000000
 963	-94.962097	0.000000
 964	-94.962097	0.000000
 965	-94.962097	0.000000
 966	-94.962097	0.000000
 967	-94.962097	0.000000
 968	-94.962097	0.000000
 969	-94.962097	0.000000
 970	-94.962097	0.000000
 971	-94.962097	0.000000
 972	-94.962097	0.000000
 973	-94.962097	0.000000
 974	-94.962097	0.000000
 975	-94.962097	0.000000
 976	-94.962097	0.000000
 977	-94.962097	0.000000
 978	-94.962097	0.000000
 979	-94.962097	0.000000
 980	-94.962097	0.000000
 981	-94.962097	0.000000
 982	-94.962097	0.000000
 983	-94.962097	0.000000
 984	-94.962097	0.000000
 985	-94.962097	0.000000
 986	-94.962097	0.000000
 987	-94.962097	0.000000
 988	-94.962097	0.000000
 989	-94.962097	0.000000
 990	-94.962097	0.000000
 991	-94.962097	0.000000
 992	-94.962097	0.000000
 993	-94.962097	0.000000
 994	-94.962097	0.000000
 995	-94.962097	0.000000
 996	-94.962097	0.000000
 997	-94.962097	0.000000
 998	-94.962097	0.000000
 999	-94.962097	0.000000
 1000	-94.962097	0.000000
 1001	-94.962097	0.000000
 1002	-94.962097	0.000000
 1003	-94.962097	0.000000
 1004	-94.962097	0.000000
 1005	-94.962097	0.000000
 1006	-94.962097	0.000000
 1007	-94.962097	0.000000
 1008	-94.962097	0.000000
 1009	-94.962097	0.000000
 1010	-94.962097	0.000000
 1011	-94.962097	0.000000
 1012	-94.962097	0.000000
 1013	-94.962097	0.000000
 1014	-94.962097	0.000000
 1015	-94.962097	0.000000
 1016	-94.962097	0.000000
 1017	-94.962097	0.000000
 1018	-94.962097	0.000000
 1019	-94.962097	0.000000
 1020	-94.962097	0.000000
 1021	-94.962097	0.000000
 1022	-94.962097	0.000000
 1023	-94.962097	0.000000
 1024	-94.962097	0.000000
 1025	-94.962097	0.000000
 1026	-94.962097	0.000000
 1027	-94.962097	0.000000
 1028	-94.962097	0.000000
 1029	-94.962097	0.000000
 1030	-94.962097	0.000000
 1031	-94.962097	0.000000
 1032	-94.962097	0.000000
 1033	-94.962097	0.000000
 1034	-94.962097	0.000000
 1035	-94.962097	0.000000
 1036	-94.962097	0.000000
 1037	-94.962097	0.000000
 1038	-94.962097	0.000000
 1039	-94.962097	0.000000
 1040	-94.962097	0.000000
 1041	-94.962097	0.000000
 1042	-94.962097	0.000000
 1043	-94.962097	0.000000
 1044	-94.962097	0.000000
 1045	-94.962097	0.000000
 1046	-94.962097	0.000000
 1047	-94.968564	0.000000
 1048	-94.986047	0.000000
 1049	-94.986047	0.000000
 1050	-94.986047	0.000000
 1051	-94.986047	0.000000
 1052	-94.986047	0.000000
 1053	-94.986047	0.000000
 1054	-94.986047	0.000000
 1055	-94.986047	0.000000
 1056	-94.986047	0.000000
 1057	-94.986047	0.000000
 1058	-94.986047	0.000000
 1059	-94.986047	0.000000
 1060	-94.986047	0.000000
 1061	-94.986047	0.000000
 1062	-94.986047	0.000000
 1063	-94.986047	0.000000
 1064	-94.986047	0.000000
 1065	-94.986047	0.000000
 1066	-94.986438	0.000000
 1067	-94.987394	0.000000
 1068	-94.987394	0.000000
 1069	-94.987394	0.000000
 1070	-94.987394	0.000000
 1071	-94.987394	0.000000
 1072	-94.987394	0.000000
 1073	-95.031984	0.000000
 1074	-95.043837	0.000000
 1075	-95.067547	0.000000
 1076	-95.142628	0.000000
 1077	-95.142628	0.000000
 1078	-95.142628	0.000000
 1079	-95.144667	0.000000
 1080	-95.148625	0.000000
 1081	-95.148625	0.000000
 1082	-95.148625	0.000000
 1083	-95.148625	0.000000
 1084	-95.148625	0.000000
 1085	-95.148632	0.000000
 1086	-95.148640	0.000000
 1087	-95.148660	0.000000
 1088	-95.148661	0.000000
 1089	-95.148669	0.000000
 1090	-95.148670	0.000000
 1091	-95.148670	0.000000
 1092	-95.148670	0.000000
 1093	-95.148670	0.000000
 1094	-95.148670	0.000000
 1095	-95.148670	0.000000
 1096	-95.148670	0.000000
 1097	-95.148670	0.000000
 1098	-95.148670	0.000000
 1099	-95.148670	0.000000
 1100	-95.148670	0.000000
 1101	-95.148670	0.000000
 1102	-95.148670	0.000000
 1103	-95.148670	0.000000
 1104	-95.148670	0.000000
 1105	-95.148670	0.000000
 1106	-95.148670	0.000000
 1107	-95.148670	0.000000
 1108	-95.148670	0.000000
 1109	-95.148670	0.000000
 1110	-95.148670	0.000000
 1111	-95.148670	0.000000
 1112	-95.148670	0.000000
 1113	-95.148670	0.000000
 1114	-95.148670	0.000000
 1115	-95.148670	0.000000
 1116	-95.148670	0.000000
 1117	-95.148670	0.000000
 1118	-95.148670	0.000000
 1119	-95.148670	0.000000
 1120	-95.148670	0.000000
 1121	-95.148670	0.000000
 1122	-95.148670	0.000000
 1123	-95.148670	0.000000
 1124	-95.148670	0.000000
 1125	-95.148670	0.000000
 1126	-95.148670	0.000000
 1127	-95.148670	0.000000
 1128	-95.148670	0.000000
 1129	-95.151279	0.000000
 1130	-95.164020	0.000000
 1131	-95.164020	0.000000
 1132	-95.164020	0.000000
 1133	-95.164020	0.000000
 1134	-95.164020	0.000000
 1135	-95.164020	0.000000
 1136	-95.164020	0.000000
 1137	-95.164020	0.000000
 1138	-95.164020	0.000000
 1139	-95.164020	0.000000
 1140	-95.164020	0.000000
 1141	-95.164020	0.000000
 1142	-95.164020	0.000000
 1143	-95.164020	0.000000
 1144	-95.164020	0.000000
 1145	-95.164020	0.000000
 1146	-95.164020	0.000000
 1147	-95.164020	0.000000
 1148	-95.164020	0.000000
 1149	-95.164020	0.000000
 1150	-95.164020	0.000000
 1151	-95.164022	0.000000
 1152	-95.164025	0.000000
 1153	-95.164025	0.000000
 1154	-95.164025	0.000000
 1155	-95.164025	0.000000
 1156	-95.164025	0.000000
 1157	-95.164025	0.000000
 1158	-95.164025	0.000000
 1159	-95.164975	0.000000
 1160	-95.165116	0.000000
 1161	-95.165116	0.000000
 1162	-95.165116	0.000000
 1163	-95.165116	0.000000
 1164	-95.165116	0.000000
 1165	-95.165116	0.000000
 1166	-95.165116	0.000000
 1167	-95.174992	0.000000
 1168	-95.177777	0.000000
 1169	-95.177777	0.000000
 1170	-95.177777	0.000000
 1171	-95.177777	0.000000
 1172	-95.177777	0.000000
 1173	-95.177777	0.000000
 1174	-95.177777	0.000000
 1175	-95.177777	0.000000
 1176	-95.177777	0.000000
 1177	-95.177777	0.000000
 1178	-95.186122	0.000000
 1179	-95.219499	0.000000
 1180	-95.219499	0.000000
 1181	-95.219499	0.000000
 1182	-95.219499	0.000000
 1183	-95.219499	0.000000
 1184	-95.219499	0.000000
 1185	-95.219499	0.000000
 1186	-95.219499	0.000000
 1187	-95.219499	0.000000
 1188	-95.219499	0.000000
 1189	-95.219499	0.000000
 1190	-95.219499	0.000000
 1191	-95.219499	0.000000
 1192	-95.219499	0.000000
 1193	-95.219499	0.000000
 1194	-95.219499	0.000000
 1195	-95.219499	0.000000
 1196	-95.219499	0.000000
 1197	-95.219499	0.000000
 1198	-95.219499	0.000000
 1199	-95.219499	0.000000
 1200	-95.219499	0.000000
 1201	-95.219499	0.000000
 1202	-95.219499	0.000000
 1203	-95.219499	0.000000
 1204	-95.219499	0.000000
 1205	-95.219499	0.000000
 1206	-95.219499	0.000000
 1207	-95.219499	0.000000
 1208	-95.219499	0.000000
 1209	-95.219499	0.000000
 1210	-95.219499	0.000000
 1211	-95.219499	0.000000
 1212	-95.233765	0.000000
 1213	-95.254293	0.000000
 1214	-95.261149	0.000000
 1215	-95.277146	0.000000
 1216	-95.277146	0.000000
 1217	-95.277146	0.000000
 1218	-95.277146	0.000000
 1219	-95.277146	0.000000
 1220	-95.277146	0.000000
 1221	-95.277146	0.000000
 1222	-95.277146	0.000000
 1223	-95.277146	0.000000
 1224	-95.277146	0.000000
 1225	-95.277146	0.000000
 1226	-95.277146	0.000000
 1227	-95.277146	0.000000
 1228	-95.277146	0.000000
 1229	-95.277146	0.000000
 1230	-95.277146	0.000000
 1231	-95.277146	0.000000
 1232	-95.277146	0.000000
 1233	-95.277146	0.000000
 1234	-95.277146	0.000000
 1235	-95.277146	0.000000
 1236	-95.277146	0.000000
 1237	-95.277146	0.000000
 1238	-95.277146	0.000000
 1239	-95.277148	0.000000
 1240	-95.277149	0.000000
 1241	-95.277149	0.000000
 1242	-95.277149	0.000000
 1243	-95.277149	0.000000
 1244	-95.277149	0.000000
 1245	-95.277149	0.000000
 1246	-95.277149	0.000000
 1247	-95.277149	0.000000
 1248	-95.277149	0.000000
 1249	-95.277149	0.000000
 1250	-95.277149	0.000000
 1251	-95.277149	0.000000
 1252	-95.277149	0.000000
 1253	-95.277149	0.000000
 1254	-95.277149	0.000000
 1255	-95.277475	0.000000
 1256	-95.284536	0.000000
 1257	-95.299970	0.000000
 1258	-95.299970	0.000000
 1259	-95.299970	0.000000
 1260	-95.299970	0.000000
 1261	-95.299970	0.000000
 1262	-95.299970	0.000000
 1263	-95.299970	0.000000
 1264	-95.299970	0.000000
 1265	-95.299970	0.000000
 1266	-95.299970	0.000000
 1267	-95.299970	0.000000
 1268	-95.299970	0.000000
 1269	-95.299970	0.000000
 1270	-95.299970	0.000000
 1271	-95.299970	0.000000
 1272	-95.299970	0.000000
 1273	-95.299970	0.000000
 1274	-95.348590	0.000000
 1275	-95.427917	0.000000
 1276	-95.427917	0.000000
 1277	-95.427917	0.000000
 1278	-95.427917	0.000000
 1279	-95.427917	0.000000
 1280	-95.427917	0.000000
 1281	-95.427917	0.000000
 1282	-95.427917	0.000000
 1283	-95.427917	0.000000
 1284	-95.427917	0.000000
 1285	-95.427917	0.000000
 1286	-95.427917	0.000000
 1287	-95.427917	0.000000
 1288	-95.427917	0.000000
 1289	-95.427957	0.000000
 1290	-95.427960	0.000000
 1291	-95.427960	0.000000
 1292	-95.427960	0.000000
 1293	-95.427960	0.000000
 1294	-95.427960	0.000000
 1295	-95.427960	0.000000
 1296	-95.427960	0.000000
 1297	-95.427960	0.000000
 1298	-95.427960	0.000000
 1299	-95.427960	0.000000
 1300	-95.427960	0.000000
 1301	-95.427960	0.000000
 1302	-95.427960	0.000000
 1303	-95.427960	0.000000
 1304	-95.427960	0.000000
 1305	-95.429898	0.000000
 1306	-95.432805	0.000000
 1307	-95.432805	0.000000
 1308	-95.432805	0.000000
 1309	-95.432805	0.000000
 1310	-95.432805	0.000000
 1311	-95.432805	0.000000
 1312	-95.432805	0.000000
 1313	-95.432805	0.000000
 1314	-95.432805	0.000000
 1315	-95.432805	0.000000
 1316	-95.432805	0.000000
 1317	-95.432805	0.000000
 1318	-95.432805	0.000000
 1319	-95.432805	0.000000
 1320	-95.432805	0.000000
 1321	-95.451837	0.000000
 1322	-95.459994	0.000000
 1323	-95.459994	0.000000
 1324	-95.459994	0.000000
 1325	-95.459994	0.000000
 1326	-95.459994	0.000000
 1327	-95.459994	0.000000
 1328	-95.459994	0.000000
 1329	-95.459994	0.000000
 1330	-95.459994	0.000000
 1331	-95.459994	0.000000
 1332	-95.459994	0.000000
 1333	-95.459994	0.000000
 1334	-95.459994	0.000000
 1335	-95.459994	0.000000
 1336	-95.459994	0.000000
 1337	-95.459994	0.000000
 1338	-95.459994	0.000000
 1339	-95.459994	0.000000
 1340	-95.459994	0.000000
 1341	-95.459994	0.000000
 1342	-95.459994	0.000000
 1343	-95.524788	0.000000
 1344	-95.553898	0.000000
 1345	-95.553898	0.000000
 1346	-95.553898	0.000000
 1347	-95.553898	0.000000
 1348	-95.553898	0.000000
 1349	-95.553898	0.000000
 1350	-95.553898	0.000000
 1351	-95.553898	0.000000
 1352	-95.553898	0.000000
 1353	-95.553898	0.000000
 1354	-95.553898	0.000000
 1355	-95.553898	0.000000
 1356	-95.553898	0.000000
 1357	-95.553898	0.000000
 1358	-95.553898	0.000000
 1359	-95.553898	0.000000
 1360	-95.553898	0.000000
 1361	-95.553898	0.000000
 1362	-95.553898	0.000000
 1363	-95.553898	0.000000
 1364	-95.553898	0.000000
 1365	-95.553898	0.000000
 1366	-95.553898	0.000000
 1367	-95.553898	0.000000
 1368	-95.553898	0.000000
 1369	-95.553898	0.000000
 1370	-95.553898	0.000000
 1371	-95.553898	0.000000
 1372	-95.553898	0.000000
 1373	-95.553898	0.000000
 1374	-95.553898	0.000000
 1375	-95.553898	0.000000
 1376	-95.553898	0.000000
 1377	-95.553898	0.000000
 1378	-95.553898	0.000000
 1379	-95.553898	0.000000
 1380	-95.553898	0.000000
 1381	-95.553898	0.000000
 1382	-95.553898	0.000000
 1383	-95.553898	0.000000
 1384	-95.553898	0.000000
 1385	-95.553898	0.000000
 1386	-95.553898	0.000000
 1387	-95.553898	0.000000
 1388	-95.553898	0.000000
 1389	-95.553898	0.000000
 1390	-95.553898	0.000000
 1391	-95.553898	0.000000
 1392	-95.553898	0.000000
 1393	-95.553898	0.000000
 1394	-95.553898	0.000000
 1395	-95.553898	0.000000
 1396	-95.553898	0.000000
 1397	-95.553898	0.000000
 1398	-95.553898	0.000000
 1399	-95.553898	0.000000
 1400	-95.553898	0.000000
 1401	-95.553898	0.000000
 1402	-95.553898	0.000000
 1403	-95.553898	0.000000
 1404	-95.553898	0.000000
 1405	-95.553898	0.000000
 1406	-95.553898	0.000000
 1407	-95.553898	0.000000
 1408	-95.553898	0.000000
 1409	-95.553898	0.000000
 1410	-95.553898	0.000000
 1411	-95.553898	0.000000
 1412	-95.553898	0.000000
 1413	-95.553898	0.000000
 1414	-95.553898	0.000000
 1415	-95.553898	0.000000
 1416	-95.553898	0.000000
 1417	-95.553898	0.000000
 1418	-95.553898	0.000000
 1419	-95.553898	0.000000
 1420	-95.553898	0.000000
 1421	-95.553898	0.000000
 1422	-95.553898	0.000000
 1423	-95.553898	0.000000
 1424	-95.553898	0.000000
 1425	-95.553898	0.000000
 1426	-95.672184	0.000000
 1427	-95.797491	0.000000
 1428	-95.797491	0.000000
 1429	-95.797491	0.000000
 1430	-95.797491	0.000000
 1431	-95.797491	0.000000
 1432	-95.797491	0.000000
 1433	-95.797491	0.000000
 1434	-95.797491	0.000000
 1435	-95.797491	0.000000
 1436	-95.797491	0.000000
 1437	-95.797491	0.000000
 1438	-95.797491	0.000000
 1439	-95.797491	0.000000
 1440	-95.797491	0.000000
 1441	-95.797491	0.000000
 1442	-95.797491	0.000000
 1443	-95.797491	0.000000
 1444	-95.797491	0.000000
 1445	-95.797491	0.000000
 1446	-95.797491	0.000000
 1447	-95.797491	0.000000
 1448	-95.797491	0.000000
 1449	-95.797491	0.000000
 1450	-95.797491	0.000000
 1451	-95.797491	0.000000
 1452	-95.797491	0.000000
 1453	-95.797491	0.000000
 1454	-95.797491	0.000000
 1455	-95.797491	0.000000
 1456	-95.797491	0.000000
 1457	-95.797491	0.000000
 1458	-95.797491	0.000000
 1459	-95.797491	0.000000
 1460	-95.797491	0.000000
 1461	-95.797491	0.000000
 1462	-95.797491	0.000000
 1463	-95.797491	0.000000
 1464	-95.797491	0.000000
 1465	-95.797491	0.000000
 1466	-95.797491	0.000000
 1467	-95.797491	0.000000
 1468	-95.797491	0.000000
 1469	-95.797491	0.000000
 1470	-95.797491	0.000000
 1471	-95.797491	0.000000
 1472	-95.797491	0.000000
 1473	-95.797491	0.000000
 1474	-95.797491	0.000000
 1475	-95.797491	0.000000
 1476	-95.797491	0.000000
 1477	-95.797491	0.000000
 1478	-95.797491	0.000000
 1479	-95.797491	0.000000
 1480	-95.797491	0.000000
 1481	-95.797491	0.000000
 1482	-95.797491	0.000000
 1483	-95.797491	0.000000
 1484	-95.797491	0.000000
 1485	-95.797491	0.000000
 1486	-95.797491	0.000000
 1487	-95.797491	0.000000
 1488	-95.797491	0.000000
 1489	-95.797491	0.000000
 1490	-95.797491	0.000000
 1491	-95.797491	0.000000
 1492	-95.797491	0.000000
 1493	-95.797491	0.000000
 1494	-95.797491	0.000000
 1495	-95.797491	0.000000
 1496	-95.849750	0.000000
 1497	-95.866346	0.000000
 1498	-95.866346	0.000000
 1499	-95.866346	0.000000
 1500	-95.866346	0.000000
 1501	-95.866346	0.000000
 1502	-95.866346	0.000000
 1503	-95.866346	0.000000
 1504	-95.866346	0.000000
 1505	-95.866346	0.000000
 1506	-95.866346	0.000000
 1507	-95.866346	0.000000
 1508	-95.866346	0.000000
 1509	-95.866346	0.000000
 1510	-95.866346	0.000000
 1511	-95.866346	0.000000
 1512	-95.866346	0.000000
 1513	-95.866346	0.000000
 1514	-95.866346	0.000000
 1515	-95.866346	0.000000
 1516	-95.866346	0.000000
 1517	-95.866346	0.000000
 1518	-95.866346	0.000000
 1519	-95.866346	0.000000
 1520	-95.866346	0.000000
 1521	-95.866346	0.000000
 1522	-95.866346	0.000000
 1523	-95.866346	0.000000
 1524	-95.866808	0.000000
 1525	-95.867748	0.000000
 1526	-95.867748	0.000000
 1527	-95.867748	0.000000
 1528	-95.867748	0.000000
 1529	-95.867748	0.000000
 1530	-95.896356	0.000000
 1531	-95.901805	0.000000
 1532	-95.901805	0.000000
 1533	-95.901805	0.000000
 1534	-95.901805	0.000000
 1535	-95.901805	0.000000
 1536	-95.901805	0.000000
 1537	-95.901805	0.000000
 1538	-95.901805	0.000000
 1539	-95.901805	0.000000
 1540	-95.901805	0.000000
 1541	-95.901805	0.000000
 1542	-95.901805	0.000000
 1543	-95.901805	0.000000
 1544	-95.901805	0.000000
 1545	-95.901805	0.000000
 1546	-95.901805	0.000000
 1547	-95.901805	0.000000
 1548	-95.901805	0.000000
 1549	-95.901805	0.000000
 1550	-95.901805	0.000000
 1551	-95.901805	0.000000
 1552	-95.901805	0.000000
 1553	-95.901805	0.000000
 1554	-95.901805	0.000000
 1555	-95.901805	0.000000
 1556	-95.901805	0.000000
 1557	-95.901805	0.000000
 1558	-95.901805	0.000000
 1559	-95.901805	0.000000
 1560	-95.901805	0.000000
 1561	-95.901805	0.000000
 1562	-95.901805	0.000000
 1563	-95.901805	0.000000
 1564	-95.901805	0.000000
 1565	-95.917406	0.000000
 1566	-95.917406	0.000000
 1567	-95.917406	0.000000
 1568	-95.917406	0.000000
 1569	-95.924637	0.000000
 1570	-95.929457	0.000000
 1571	-95.929457	0.000000
 1572	-95.929457	0.000000
 1573	-95.929457	0.000000
 1574	-95.929457	0.000000
 1575	-95.929457	0.000000
 1576	-95.929457	0.000000
 1577	-95.929457	0.000000
 1578	-95.929457	0.000000
 1579	-95.929457	0.000000
 1580	-95.929457	0.000000
 1581	-95.929457	0.000000
 1582	-95.929457	0.000000
 1583	-95.929457	0.000000
 1584	-95.929457	0.000000
 1585	-95.930340	0.000000
 1586	-95.932726	0.000000
 1587	-95.932726	0.000000
 1588	-95.932726	0.000000
 1589	-95.932726	0.000000
 1590	-95.932726	0.000000
 1591	-95.932726	0.000000
 1592	-95.932726	0.000000
 1593	-95.932726	0.000000
 1594	-95.932726	0.000000
 1595	-95.932726	0.000000
 1596	-95.932726	0.000000
 1597	-95.932726	0.000000
 1598	-95.932726	0.000000
 1599	-95.932726	0.000000
 1600	-95.932726	0.000000
 1601	-95.932726	0.000000
 1602	-95.932726	0.000000
 1603	-95.932726	0.000000
 1604	-95.932726	0.000000
 1605	-95.932726	0.000000
 1606	-95.935793	0.000000
 1607	-95.936024	0.000000
 1608	-95.936024	0.000000
 1609	-95.936024	0.000000
 1610	-95.936024	0.000000
 1611	-95.936024	0.000000
 1612	-95.936024	0.000000
 1613	-95.936024	0.000000
 1614	-95.936024	0.000000
 1615	-95.936024	0.000000
 1616	-95.936024	0.000000
 1617	-95.936024	0.000000
 1618	-95.936024	0.000000
 1619	-95.936024	0.000000
 1620	-95.936024	0.000000
 1621	-95.936024	0.000000
 1622	-95.936024	0.000000
 1623	-95.936024	0.000000
 1624	-95.936024	0.000000
 1625	-95.936024	0.000000
 1626	-95.936024	0.000000
 1627	-95.936024	0.000000
 1628	-95.936024	0.000000
 1629	-95.936024	0.000000
 1630	-95.936153	0.000000
 1631	-95.936428	0.000000
 1632	-95.936428	0.000000
 1633	-95.936428	0.000000
 1634	-95.936428	0.000000
 1635	-95.987152	0.000000
 1636	-95.994069	0.000000
 1637	-95.994069	0.000000
 1638	-95.994069	0.000000
 1639	-95.997658	0.000000
 1640	-96.001597	0.000000
 1641	-96.020752	0.000000
 1642	-96.020752	0.000000
 1643	-96.020752	0.000000
 1644	-96.020752	0.000000
 1645	-96.020752	0.000000
 1646	-96.020752	0.000000
 1647	-96.020752	0.000000
 1648	-96.020752	0.000000
 1649	-96.020752	0.000000
 1650	-96.020752	0.000000
 1651	-96.020752	0.000000
 1652	-96.020752	0.000000
 1653	-96.020752	0.000000
 1654	-96.020752	0.000000
 1655	-96.020752	0.000000
 1656	-96.020752	0.000000
 1657	-96.020752	0.000000
 1658	-96.020752	0.000000
 1659	-96.020752	0.000000
 1660	-96.020752	0.000000
 1661	-96.020752	0.000000
 1662	-96.020752	0.000000
 1663	-96.020752	0.000000
 1664	-96.020752	0.000000
 1665	-96.020752	0.000000
 1666	-96.020752	0.000000
 1667	-96.020752	0.000000
 1668	-96.020752	0.000000
 1669	-96.020752	0.000000
 1670	-96.020752	0.000000
 1671	-96.020752	0.000000
 1672	-96.020755	0.000000
 1673	-96.020758	0.000000
 1674	-96.020758	0.000000
 1675	-96.020758	0.000000
 1676	-96.020758	0.000000
 1677	-96.020758	0.000000
 1678	-96.020758	0.000000
 1679	-96.020758	0.000000
 1680	-96.020758	0.000000
 1681	-96.020758	0.000000
 1682	-96.020758	0.000000
 1683	-96.020758	0.000000
 1684	-96.020758	0.000000
 1685	-96.020758	0.000000
 1686	-96.020758	0.000000
 1687	-96.020758	0.000000
 1688	-96.020758	0.000000
 1689	-96.020758	0.000000
 1690	-96.020758	0.000000
 1691	-96.020758	0.000000
 1692	-96.020758	0.000000
 1693	-96.020758	0.000000
 1694	-96.020759	0.000000
 1695	-96.020759	0.000000
 1696	-96.020759	0.000000
 1697	-96.020759	0.000000
 1698	-96.020759	0.000000
 1699	-96.020759	0.000000
 1700	-96.020759	0.000000
 1701	-96.020759	0.000000
 1702	-96.020759	0.000000
 1703	-96.020759	0.000000
 1704	-96.020759	0.000000
 1705	-96.020759	0.000000
 1706	-96.020759	0.000000
 1707	-96.020759	0.000000
 1708	-96.020759	0.000000
 1709	-96.020759	0.000000
 1710	-96.020759	0.000000
 1711	-96.020759	0.000000
 1712	-96.020759	0.000000
 1713	-96.020759	0.000000
 1714	-96.020759	0.000000
 1715	-96.020869	0.000000
 1716	-96.021756	0.000000
 1717	-96.021756	0.000000
 1718	-96.021756	0.000000
 1719	-96.021756	0.000000
 1720	-96.021756	0.000000
 1721	-96.021756	0.000000
 1722	-96.021756	0.000000
 1723	-96.021756	0.000000
 1724	-96.021756	0.000000
 1725	-96.021756	0.000000
 1726	-96.021756	0.000000
 1727	-96.021756	0.000000
 1728	-96.021756	0.000000
 1729	-96.021756	0.000000
 1730	-96.021756	0.000000
 1731	-96.021756	0.000000
 1732	-96.021756	0.000000
 1733	-96.021756	0.000000
 1734	-96.021756	0.000000
 1735	-96.021756	0.000000
 1736	-96.021756	0.000000
 1737	-96.021756	0.000000
 1738	-96.021756	0.000000
 1739	-96.025471	0.000000
 1740	-96.031532	0.000000
 1741	-96.031532	0.000000
 1742	-96.031532	0.000000
 1743	-96.031532	0.000000
 1744	-96.031532	0.000000
 1745	-96.031532	0.000000
 1746	-96.031532	0.000000
 1747	-96.031532	0.000000
 1748	-96.031532	0.000000
 1749	-96.031532	0.000000
 1750	-96.031532	0.000000
 1751	-96.031532	0.000000
 1752	-96.031532	0.000000
 1753	-96.031532	0.000000
 1754	-96.031532	0.000000
 1755	-96.031532	0.000000
 1756	-96.031532	0.000000
 1757	-96.031532	0.000000
 1758	-96.031912	0.000000
 1759	-96.069548	0.000000
 1760	-96.069548	0.000000
 1761	-96.069548	0.000000
 1762	-96.069548	0.000000
 1763	-96.069548	0.000000
 1764	-96.069548	0.000000
 1765	-96.069548	0.000000
 1766	-96.069548	0.000000
 1767	-96.069548	0.000000
 1768	-96.069548	0.000000
 1769	-96.069548	0.000000
 1770	-96.069548	0.000000
 1771	-96.069548	0.000000
 1772	-96.069548	0.000000
 1773	-96.069548	0.000000
 1774	-96.069548	0.000000
 1775	-96.069548	0.000000
 1776	-96.069548	0.000000
 1777	-96.069548	0.000000
 1778	-96.069548	0.000000
 1779	-96.069548	0.000000
 1780	-96.069548	0.000000
 1781	-96.069548	0.000000
 1782	-96.070790	0.000000
 1783	-96.077827	0.000000
 1784	-96.077827	0.000000
 1785	-96.077827	0.000000
 1786	-96.077827	0.000000
 1787	-96.077827	0.000000
 1788	-96.077827	0.000000
 1789	-96.080330	0.000000
 1790	-96.091733	0.000000
 1791	-96.091733	0.000000
 1792	-96.091733	0.000000
 1793	-96.091733	0.000000
 1794	-96.091733	0.000000
 1795	-96.091733	0.000000
 1796	-96.091733	0.000000
 1797	-96.091733	0.000000
 1798	-96.091733	0.000000
 1799	-96.091733	0.000000
 1800	-96.091733	0.000000
 1801	-96.091733	0.000000
 1802	-96.091733	0.000000
 1803	-96.091733	0.000000
 1804	-96.091733	0.000000
 1805	-96.091733	0.000000
 1806	-96.091733	0.000000
 1807	-96.091733	0.000000
 1808	-96.091733	0.000000
 1809	-96.091733	0.000000
 1810	-96.091733	0.000000
 1811	-96.091733	0.000000
 1812	-96.101623	0.000000
 1813	-96.119205	0.000000
 1814	-96.119205	0.000000
 1815	-96.128910	0.000000
 1816	-96.133911	0.000000
 1817	-96.133911	0.000000
 1818	-96.133911	0.000000
 1819	-96.133911	0.000000
 1820	-96.133911	0.000000
 1821	-96.133911	0.000000
 1822	-96.133911	0.000000
 1823	-96.133911	0.000000
 1824	-96.133911	0.000000
 1825	-96.133911	0.000000
 1826	-96.133911	0.000000
 1827	-96.133911	0.000000
 1828	-96.133911	0.000000
 1829	-96.133911	0.000000
 1830	-96.133911	0.000000
 1831	-96.133911	0.000000
 1832	-96.133911	0.000000
 1833	-96.133911	0.000000
 1834	-96.133911	0.000000
 1835	-96.133911	0.000000
 1836	-96.133911	0.000000
 1837	-96.133911	0.000000
 1838	-96.133911	0.000000
 1839	-96.133911	0.000000
 1840	-96.133911	0.000000
 1841	-96.133911	0.000000
 1842	-96.133911	0.000000
 1843	-96.133911	0.000000
 1844	-96.133911	0.000000
 1845	-96.133911	0.000000
 1846	-96.133911	0.000000
 1847	-96.133911	0.000000
 1848	-96.133911	0.000000
 1849	-96.133911	0.000000
 1850	-96.133911	0.000000
 1851	-96.133911	0.000000
 1852	-96.133911	0.000000
 1853	-96.133911	0.000000
 1854	-96.133911	0.000000
 1855	-96.133911	0.000000
 1856	-96.133911	0.000000
 1857	-96.133911	0.000000
 1858	-96.133911	0.000000
 1859	-96.133911	0.000000
 1860	-96.133911	0.000000
 1861	-96.133911	0.000000
 1862	-96.133911	0.000000
 1863	-96.133911	0.000000
 1864	-96.142564	0.000000
 1865	-96.146826	0.000000
 1866	-96.146826	0.000000
 1867	-96.146826	0.000000
 1868	-96.146826	0.000000
 1869	-96.146826	0.000000
 1870	-96.146826	0.000000
 1871	-96.146826	0.000000
 1872	-96.146826	0.000000
 1873	-96.146826	0.000000
 1874	-96.146826	0.000000
 1875	-96.146826	0.000000
 1876	-96.146826	0.000000
 1877	-96.146826	0.000000
 1878	-96.146826	0.000000
 1879	-96.146826	0.000000
 1880	-96.146826	0.000000
 1881	-96.146826	0.000000
 1882	-96.157569	0.000000
 1883	-96.163238	0.000000
 1884	-96.163238	0.000000
 1885	-96.163238	0.000000
 1886	-96.163238	0.000000
 1887	-96.163238	0.000000
 1888	-96.163238	0.000000
 1889	-96.163238	0.000000
 1890	-96.163238	0.000000
 1891	-96.163238	0.000000
 1892	-96.163238	0.000000
 1893	-96.163238	0.000000
 1894	-96.163238	0.000000
 1895	-96.163238	0.000000
 1896	-96.166002	0.000000
 1897	-96.169819	0.000000
 1898	-96.169819	0.000000
 1899	-96.169819	0.000000
 1900	-96.180524	0.000000
 1901	-96.185333	0.000000
 1902	-96.226483	0.000000
 1903	-96.489603	0.000000
 1904	-97.160662	0.000000
 1905	-97.160676	0.000000
 1906	-97.160676	0.000000
 1907	-97.160676	0.000000
 1908	-97.163132	0.000000
 1909	-97.191381	0.000000
 1910	-97.191381	0.000000
 1911	-97.191381	0.000000
 1912	-97.191381	0.000000
 1913	-97.191381	0.000000
 1914	-97.191381	0.000000
 1915	-97.191381	0.000000
 1916	-97.191381	0.000000
 1917	-97.191381	0.000000
 1918	-97.191381	0.000000
 1919	-97.191381	0.000000
 1920	-97.191381	0.000000
 1921	-97.191381	0.000000
 1922	-97.191381	0.000000
 1923	-97.191381	0.000000
 1924	-97.191381	0.000000
 1925	-97.191381	0.000000
 1926	-97.191381	0.000000
 1927	-97.191381	0.000000
 1928	-97.191381	0.000000
 1929	-97.191381	0.000000
 1930	-97.191381	0.000000
 1931	-97.191381	0.000000
 1932	-97.191381	0.000000
 1933	-97.191381	0.000000
 1934	-97.209655	0.000000
 1935	-97.357509	0.000000
 1936	-97.357509	0.000000
 1937	-97.368503	0.000000
 1938	-97.370610	0.000000
 1939	-97.370610	0.000000
 1940	-97.370610	0.000000
 1941	-97.370610	0.000000
 1942	-97.370610	0.000000
 1943	-97.370610	0.000000
 1944	-97.381807	0.000000
 1945	-97.382914	0.000000
 1946	-97.382914	0.000000
 1947	-97.809424	0.000000
 1948	-97.959037	0.000000
 1949	-97.959853	0.000000
 1950	-97.960332	0.000000
 1951	-98.586047	0.000000
 1952	-98.705231	0.000000
 1953	-98.705231	0.000000
 1954	-98.705231	0.000000
 1955	-98.705231	0.000000
 1956	-98.705231	0.000000
 1957	-98.705231	0.000000
 1958	-98.705231	0.000000
 1959	-98.705231	0.000000
 1960	-98.705231	0.000000
 1961	-98.705231	0.000000
 1962	-98.705231	0.000000
 1963	-98.705231	0.000000
 1964	-98.710346	0.000000
 1965	-98.711111	0.000000
 1966	-98.711111	0.000000
 1967	-98.711111	0.000000
 1968	-98.711111	0.000000
 1969	-98.711111	0.000000
 1970	-98.711111	0.000000
 1971	-98.711111	0.000000
 1972	-98.711111	0.000000
 1973	-98.711111	0.000000
 1974	-98.711111	0.000000
 1975	-98.711111	0.000000
 1976	-98.711111	0.000000
 1977	-98.711111	0.000000
 1978	-98.711111	0.000000
 1979	-98.711111	0.000000
 1980	-98.711111	0.000000
 1981	-98.711111	0.000000
 1982	-98.711111	0.000000
 1983	-98.711111	0.000000
 1984	-98.711111	0.000000
 1985	-98.711111	0.000000
 1986	-98.711111	0.000000
 1987	-98.711111	0.000000
 1988	-98.711111	0.000000
 1989	-98.711111	0.000000
 1990	-98.711111	0.000000
 1991	-98.711111	0.000000
 1992	-98.711111	0.000000
 1993	-98.711111	0.000000
 1994	-98.711111	0.000000
 1995	-98.711111	0.000000
 1996	-98.711111	0.000000
 1997	-98.711111	0.000000
 1998	-98.711111	0.000000
 1999	-98.711111	0.000000
 2000	-98.711111	0.000000
