#Cycle	Epot	P

 1	-243.748694	0.000000
 2	-243.017992	0.000000
 3	-242.804721	0.000000
 4	-242.480619	0.000000
 5	-242.201805	0.000000
 6	-241.796969	0.000000
 7	-241.478263	0.000000
 8	-241.164128	0.000000
 9	-240.897176	0.000000
 10	-240.749020	0.000000
 11	-240.515374	0.000000
 12	-240.631409	0.000000
 13	-240.739547	0.000000
 14	-241.058216	0.000000
 15	-240.791996	0.000000
 16	-240.448283	0.000000
 17	-240.578428	0.000000
 18	-240.711189	0.000000
 19	-240.848365	0.000000
 20	-240.692119	0.000000
 21	-240.507334	0.000000
 22	-240.729644	0.000000
 23	-240.683472	0.000000
 24	-240.564606	0.000000
 25	-240.340691	0.000000
 26	-240.720106	0.000000
 27	-240.631042	0.000000
 28	-240.642682	0.000000
 29	-240.650948	0.000000
 30	-240.825750	0.000000
 31	-240.747458	0.000000
 32	-240.812304	0.000000
 33	-240.692107	0.000000
 34	-240.724902	0.000000
 35	-241.221545	0.000000
 36	-241.564272	0.000000
 37	-241.613038	0.000000
 38	-241.624413	0.000000
 39	-241.827471	0.000000
 40	-242.031231	0.000000
 41	-242.249735	0.000000
 42	-242.740317	0.000000
 43	-242.866907	0.000000
 44	-242.764393	0.000000
 45	-243.381900	0.000000
 46	-243.410605	0.000000
 47	-243.896007	0.000000
 48	-243.850964	0.000000
 49	-243.905670	0.000000
 50	-244.293360	0.000000
 51	-244.722754	0.000000
 52	-245.216683	0.000000
 53	-245.482536	0.000000
 54	-245.505405	0.000000
 55	-245.727722	0.000000
 56	-246.362115	0.000000
 57	-246.758033	0.000000
 58	-246.914227	0.000000
 59	-247.217568	0.000000
 60	-247.385784	0.000000
 61	-247.739264	0.000000
 62	-248.117227	0.000000
 63	-248.529554	0.000000
 64	-248.992851	0.000000
 65	-249.473726	0.000000
 66	-249.495520	0.000000
 67	-249.753510	0.000000
 68	-250.450711	0.000000
 69	-251.421198	0.000000
 70	-252.274245	0.000000
 71	-253.090114	0.000000
 72	-253.449030	0.000000
 73	-254.006575	0.000000
 74	-254.422321	0.000000
 75	-254.911499	0.000000
 76	-255.594764	0.000000
 77	-256.274659	0.000000
 78	-256.846341	0.000000
 79	-257.518525	0.000000
 80	-258.510590	0.000000
 81	-259.331003	0.000000
 82	-260.281681	0.000000
 83	-260.904303	0.000000
 84	-261.627720	0.000000
 85	-262.616734	0.000000
 86	-263.211892	0.000000
 87	-263.476326	0.000000
 88	-264.464618	0.000000
 89	-265.459152	0.000000
 90	-265.898838	0.000000
 91	-266.110579	0.000000
 92	-266.726273	0.000000
 93	-266.819190	0.000000
 94	-267.529984	0.000000
 95	-267.263668	0.000000
 96	-267.520459	0.000000
 97	-267.889884	0.000000
 98	-268.175101	0.000000
 99	-268.552213	0.000000
 100	-268.695387	0.000000
 101	-269.386872	0.000000
 102	-269.390462	0.000000
 103	-269.775944	0.000000
 104	-270.128194	0.000000
 105	-270.154867	0.000000
 106	-269.841871	0.000000
 107	-269.893204	0.000000
 108	-270.345334	0.000000
 109	-270.653794	0.000000
 110	-271.060716	0.000000
 111	-271.249268	0.000000
 112	-271.511078	0.000000
 113	-271.508730	0.000000
 114	-271.520837	0.000000
 115	-271.394336	0.000000
 116	-271.256699	0.000000
 117	-271.049664	0.000000
 118	-271.179715	0.000000
 119	-271.708216	0.000000
 120	-272.233443	0.000000
 121	-272.281743	0.000000
 122	-272.804227	0.000000
 123	-272.903198	0.000000
 124	-272.745204	0.000000
 125	-272.670383	0.000000
 126	-273.321238	0.000000
 127	-273.654423	0.000000
 128	-273.407840	0.000000
 129	-273.133782	0.000000
 130	-272.957311	0.000000
 131	-273.008704	0.000000
 132	-273.013324	0.000000
 133	-273.073341	0.000000
 134	-272.989812	0.000000
 135	-273.109083	0.000000
 136	-273.116804	0.000000
 137	-272.837189	0.000000
 138	-272.538482	0.000000
 139	-272.371885	0.000000
 140	-272.540407	0.000000
 141	-272.456754	0.000000
 142	-272.736403	0.000000
 143	-272.835088	0.000000
 144	-272.674914	0.000000
 145	-272.740202	0.000000
 146	-273.157583	0.000000
 147	-273.480430	0.000000
 148	-273.301943	0.000000
 149	-273.485853	0.000000
 150	-273.808617	0.000000
 151	-273.860754	0.000000
 152	-273.933272	0.000000
 153	-273.873935	0.000000
 154	-273.843894	0.000000
 155	-274.011899	0.000000
 156	-274.432863	0.000000
 157	-274.310437	0.000000
 158	-274.237286	0.000000
 159	-274.315737	0.000000
 160	-274.418428	0.000000
 161	-274.393331	0.000000
 162	-274.378166	0.000000
 163	-274.353171	0.000000
 164	-274.292211	0.000000
 165	-274.086400	0.000000
 166	-274.356805	0.000000
 167	-274.026762	0.000000
 168	-273.695430	0.000000
 169	-273.930364	0.000000
 170	-273.966442	0.000000
 171	-273.672964	0.000000
 172	-273.263710	0.000000
 173	-273.164457	0.000000
 174	-273.314263	0.000000
 175	-273.511737	0.000000
 176	-273.239778	0.000000
 177	-273.500591	0.000000
 178	-273.205272	0.000000
 179	-273.726871	0.000000
 180	-273.784004	0.000000
 181	-273.781822	0.000000
 182	-274.012102	0.000000
 183	-274.008093	0.000000
 184	-274.014534	0.000000
 185	-274.307147	0.000000
 186	-274.318547	0.000000
 187	-274.594801	0.000000
 188	-274.563840	0.000000
 189	-274.447573	0.000000
 190	-274.548304	0.000000
 191	-274.810670	0.000000
 192	-274.809915	0.000000
 193	-274.810126	0.000000
 194	-274.994374	0.000000
 195	-275.005193	0.000000
 196	-275.365342	0.000000
 197	-275.510795	0.000000
 198	-275.437309	0.000000
 199	-275.299180	0.000000
 200	-275.009177	0.000000
 201	-274.928128	0.000000
 202	-275.165077	0.000000
 203	-275.036265	0.000000
 204	-275.062204	0.000000
 205	-275.250399	0.000000
 206	-275.566397	0.000000
 207	-275.632316	0.000000
 208	-275.158512	0.000000
 209	-274.634487	0.000000
 210	-274.806553	0.000000
 211	-274.924904	0.000000
 212	-275.267783	0.000000
 213	-275.341134	0.000000
 214	-275.300506	0.000000
 215	-275.657853	0.000000
 216	-275.749561	0.000000
 217	-275.819601	0.000000
 218	-276.206675	0.000000
 219	-276.305892	0.000000
 220	-276.449667	0.000000
 221	-276.392641	0.000000
 222	-276.135640	0.000000
 223	-275.995003	0.000000
 224	-276.492138	0.000000
 225	-276.318204	0.000000
 226	-276.624491	0.000000
 227	-276.769892	0.000000
 228	-276.964108	0.000000
 229	-277.125765	0.000000
 230	-277.056417	0.000000
 231	-277.098930	0.000000
 232	-277.274240	0.000000
 233	-277.138089	0.000000
 234	-276.952406	0.000000
 235	-277.144794	0.000000
 236	-276.966162	0.000000
 237	-276.822880	0.000000
 238	-276.585352	0.000000
 239	-276.380891	0.000000
 240	-276.657609	0.000000
 241	-276.112742	0.000000
 242	-275.981957	0.000000
 243	-275.869353	0.000000
 244	-275.863563	0.000000
 245	-275.753762	0.000000
 246	-275.948806	0.000000
 247	-276.144129	0.000000
 248	-276.196494	0.000000
 249	-276.449190	0.000000
 250	-276.648498	0.000000
 251	-276.466788	0.000000
 252	-276.413069	0.000000
 253	-276.521056	0.000000
 254	-276.281101	0.000000
 255	-276.636097	0.000000
 256	-277.364495	0.000000
 257	-277.341283	0.000000
 258	-277.311078	0.000000
 259	-277.379594	0.000000
 260	-277.506749	0.000000
 261	-277.783032	0.000000
 262	-277.503916	0.000000
 263	-277.485835	0.000000
 264	-277.443434	0.000000
 265	-277.170282	0.000000
 266	-277.143465	0.000000
 267	-276.984739	0.000000
 268	-276.999270	0.000000
 269	-277.030336	0.000000
 270	-276.954218	0.000000
 271	-277.368042	0.000000
 272	-277.377435	0.000000
 273	-277.477095	0.000000
 274	-277.188914	0.000000
 275	-277.135660	0.000000
 276	-277.062626	0.000000
 277	-277.140293	0.000000
 278	-276.929830	0.000000
 279	-277.077290	0.000000
 280	-277.041192	0.000000
 281	-277.422327	0.000000
 282	-278.006474	0.000000
 283	-278.035559	0.000000
 284	-278.003205	0.000000
 285	-278.068154	0.000000
 286	-278.163520	0.000000
 287	-278.010641	0.000000
 288	-277.882688	0.000000
 289	-278.130357	0.000000
 290	-278.207380	0.000000
 291	-278.027599	0.000000
 292	-277.930461	0.000000
 293	-277.991852	0.000000
 294	-277.962678	0.000000
 295	-278.152596	0.000000
 296	-278.100985	0.000000
 297	-277.786884	0.000000
 298	-277.790730	0.000000
 299	-277.619595	0.000000
 300	-277.749299	0.000000
 301	-277.687691	0.000000
 302	-277.845913	0.000000
 303	-278.074143	0.000000
 304	-278.021484	0.000000
 305	-277.987514	0.000000
 306	-278.033667	0.000000
 307	-277.922677	0.000000
 308	-277.735814	0.000000
 309	-277.640967	0.000000
 310	-277.829377	0.000000
 311	-277.909042	0.000000
 312	-278.227310	0.000000
 313	-278.093010	0.000000
 314	-278.140373	0.000000
 315	-278.270939	0.000000
 316	-278.099771	0.000000
 317	-277.803632	0.000000
 318	-277.709992	0.000000
 319	-277.524341	0.000000
 320	-277.464776	0.000000
 321	-277.395519	0.000000
 322	-277.408113	0.000000
 323	-277.714720	0.000000
 324	-277.937890	0.000000
 325	-278.045210	0.000000
 326	-277.680968	0.000000
 327	-277.732040	0.000000
 328	-277.869107	0.000000
 329	-277.485434	0.000000
 330	-277.655634	0.000000
 331	-277.976225	0.000000
 332	-278.368025	0.000000
 333	-278.617986	0.000000
 334	-278.548325	0.000000
 335	-278.713784	0.000000
 336	-278.485554	0.000000
 337	-278.284414	0.000000
 338	-278.378107	0.000000
 339	-278.333595	0.000000
 340	-278.532967	0.000000
 341	-278.448220	0.000000
 342	-278.467186	0.000000
 343	-278.429904	0.000000
 344	-278.378326	0.000000
 345	-278.711472	0.000000
 346	-278.505039	0.000000
 347	-277.864984	0.000000
 348	-277.990195	0.000000
 349	-278.068409	0.000000
 350	-277.953181	0.000000
 351	-278.094018	0.000000
 352	-277.933882	0.000000
 353	-278.163439	0.000000
 354	-278.347075	0.000000
 355	-278.110949	0.000000
 356	-278.235527	0.000000
 357	-278.445244	0.000000
 358	-278.452177	0.000000
 359	-278.297165	0.000000
 360	-278.548493	0.000000
 361	-278.500810	0.000000
 362	-278.451990	0.000000
 363	-278.415110	0.000000
 364	-278.292864	0.000000
 365	-278.185614	0.000000
 366	-277.867542	0.000000
 367	-277.992301	0.000000
 368	-278.001273	0.000000
 369	-278.342543	0.000000
 370	-278.269089	0.000000
 371	-278.460723	0.000000
 372	-278.428819	0.000000
 373	-278.637913	0.000000
 374	-278.400568	0.000000
 375	-278.159199	0.000000
 376	-278.388049	0.000000
 377	-277.961860	0.000000
 378	-278.086343	0.000000
 379	-278.520764	0.000000
 380	-278.336466	0.000000
 381	-278.249920	0.000000
 382	-278.098502	0.000000
 383	-277.876827	0.000000
 384	-278.273017	0.000000
 385	-278.452588	0.000000
 386	-278.662418	0.000000
 387	-278.497144	0.000000
 388	-278.608286	0.000000
 389	-278.584965	0.000000
 390	-278.498433	0.000000
 391	-278.589087	0.000000
 392	-278.598608	0.000000
 393	-278.423650	0.000000
 394	-278.379267	0.000000
 395	-278.483021	0.000000
 396	-278.448775	0.000000
 397	-278.329302	0.000000
 398	-278.301202	0.000000
 399	-278.339367	0.000000
 400	-278.339260	0.000000
 401	-278.177155	0.000000
 402	-278.010174	0.000000
 403	-278.250894	0.000000
 404	-278.121861	0.000000
 405	-278.231647	0.000000
 406	-278.542576	0.000000
 407	-278.613774	0.000000
 408	-278.434348	0.000000
 409	-278.438241	0.000000
 410	-278.503857	0.000000
 411	-278.603162	0.000000
 412	-278.389150	0.000000
 413	-278.108387	0.000000
 414	-278.043882	0.000000
 415	-278.450956	0.000000
 416	-278.728759	0.000000
 417	-278.701357	0.000000
 418	-278.682602	0.000000
 419	-278.368109	0.000000
 420	-278.439155	0.000000
 421	-278.381411	0.000000
 422	-278.410595	0.000000
 423	-278.303524	0.000000
 424	-278.497798	0.000000
 425	-278.492083	0.000000
 426	-278.340087	0.000000
 427	-277.954922	0.000000
 428	-278.012705	0.000000
 429	-278.336195	0.000000
 430	-278.260333	0.000000
 431	-278.289783	0.000000
 432	-278.113694	0.000000
 433	-278.482840	0.000000
 434	-278.606864	0.000000
 435	-278.128716	0.000000
 436	-277.628707	0.000000
 437	-277.941351	0.000000
 438	-278.165561	0.000000
 439	-278.259023	0.000000
 440	-277.841511	0.000000
 441	-277.834885	0.000000
 442	-278.327225	0.000000
 443	-278.695156	0.000000
 444	-278.676606	0.000000
 445	-278.505864	0.000000
 446	-278.480436	0.000000
 447	-278.407865	0.000000
 448	-278.229367	0.000000
 449	-278.111990	0.000000
 450	-278.342579	0.000000
 451	-278.297864	0.000000
 452	-278.379099	0.000000
 453	-278.483682	0.000000
 454	-278.487332	0.000000
 455	-278.758113	0.000000
 456	-278.689566	0.000000
 457	-278.591683	0.000000
 458	-278.218510	0.000000
 459	-277.666914	0.000000
 460	-277.833643	0.000000
 461	-277.605721	0.000000
 462	-277.762521	0.000000
 463	-277.787151	0.000000
 464	-277.637100	0.000000
 465	-277.577832	0.000000
 466	-277.290467	0.000000
 467	-277.441544	0.000000
 468	-277.662593	0.000000
 469	-277.849685	0.000000
 470	-278.051744	0.000000
 471	-277.967543	0.000000
 472	-278.274669	0.000000
 473	-278.621529	0.000000
 474	-278.761662	0.000000
 475	-278.758434	0.000000
 476	-278.552368	0.000000
 477	-278.648545	0.000000
 478	-278.572977	0.000000
 479	-278.829120	0.000000
 480	-279.062807	0.000000
 481	-278.962016	0.000000
 482	-278.675727	0.000000
 483	-278.532263	0.000000
 484	-278.411142	0.000000
 485	-278.489153	0.000000
 486	-278.400659	0.000000
 487	-278.748904	0.000000
 488	-278.617445	0.000000
 489	-278.189778	0.000000
 490	-278.056498	0.000000
 491	-278.045984	0.000000
 492	-278.317997	0.000000
 493	-278.367619	0.000000
 494	-278.044460	0.000000
 495	-277.856248	0.000000
 496	-277.665286	0.000000
 497	-277.872063	0.000000
 498	-278.204836	0.000000
 499	-278.242348	0.000000
 500	-278.264880	0.000000
 501	-278.303158	0.000000
 502	-278.043304	0.000000
 503	-278.367039	0.000000
 504	-278.377312	0.000000
 505	-278.301643	0.000000
 506	-278.276312	0.000000
 507	-278.031170	0.000000
 508	-278.139017	0.000000
 509	-278.109077	0.000000
 510	-278.245557	0.000000
 511	-278.485480	0.000000
 512	-278.457616	0.000000
 513	-278.685634	0.000000
 514	-278.561704	0.000000
 515	-278.425955	0.000000
 516	-278.235999	0.000000
 517	-278.017376	0.000000
 518	-278.239238	0.000000
 519	-278.391140	0.000000
 520	-278.384097	0.000000
 521	-278.661768	0.000000
 522	-278.891528	0.000000
 523	-278.738083	0.000000
 524	-278.576775	0.000000
 525	-278.460523	0.000000
 526	-278.205483	0.000000
 527	-277.864776	0.000000
 528	-277.401684	0.000000
 529	-277.663071	0.000000
 530	-277.349868	0.000000
 531	-277.684899	0.000000
 532	-277.955366	0.000000
 533	-278.212078	0.000000
 534	-278.635922	0.000000
 535	-278.419880	0.000000
 536	-278.451499	0.000000
 537	-278.527836	0.000000
 538	-277.858832	0.000000
 539	-277.955268	0.000000
 540	-277.776767	0.000000
 541	-278.233817	0.000000
 542	-278.562956	0.000000
 543	-278.563223	0.000000
 544	-278.206998	0.000000
 545	-278.066779	0.000000
 546	-277.812879	0.000000
 547	-277.787593	0.000000
 548	-277.457126	0.000000
 549	-277.492574	0.000000
 550	-277.583551	0.000000
 551	-278.028948	0.000000
 552	-278.109455	0.000000
 553	-277.940060	0.000000
 554	-278.357273	0.000000
 555	-278.491166	0.000000
 556	-278.463121	0.000000
 557	-278.485199	0.000000
 558	-278.511987	0.000000
 559	-278.200984	0.000000
 560	-278.210719	0.000000
 561	-278.483255	0.000000
 562	-278.453983	0.000000
 563	-278.635607	0.000000
 564	-278.834753	0.000000
 565	-278.843949	0.000000
 566	-278.798032	0.000000
 567	-278.788111	0.000000
 568	-278.645775	0.000000
 569	-278.301848	0.000000
 570	-278.353149	0.000000
 571	-278.471355	0.000000
 572	-278.522600	0.000000
 573	-278.491626	0.000000
 574	-278.449264	0.000000
 575	-278.277793	0.000000
 576	-278.292167	0.000000
 577	-278.375014	0.000000
 578	-278.459187	0.000000
 579	-278.309360	0.000000
 580	-278.232946	0.000000
 581	-278.238134	0.000000
 582	-277.919870	0.000000
 583	-278.082179	0.000000
 584	-277.519150	0.000000
 585	-277.765572	0.000000
 586	-277.692956	0.000000
 587	-278.193975	0.000000
 588	-278.526816	0.000000
 589	-278.575991	0.000000
 590	-278.623752	0.000000
 591	-278.415719	0.000000
 592	-278.175412	0.000000
 593	-278.049069	0.000000
 594	-278.338413	0.000000
 595	-278.397718	0.000000
 596	-278.648664	0.000000
 597	-278.787682	0.000000
 598	-278.657863	0.000000
 599	-278.214452	0.000000
 600	-278.067376	0.000000
 601	-278.351168	0.000000
 602	-278.461031	0.000000
 603	-278.145080	0.000000
 604	-278.328044	0.000000
 605	-278.054384	0.000000
 606	-277.830419	0.000000
 607	-277.800634	0.000000
 608	-277.951055	0.000000
 609	-278.354776	0.000000
 610	-278.333215	0.000000
 611	-278.154537	0.000000
 612	-278.472079	0.000000
 613	-278.213034	0.000000
 614	-278.270213	0.000000
 615	-278.275790	0.000000
 616	-278.316637	0.000000
 617	-278.275993	0.000000
 618	-278.466233	0.000000
 619	-278.414921	0.000000
 620	-278.128193	0.000000
 621	-278.329055	0.000000
 622	-278.629082	0.000000
 623	-278.787719	0.000000
 624	-278.645629	0.000000
 625	-278.628119	0.000000
 626	-278.823380	0.000000
 627	-278.548774	0.000000
 628	-278.305737	0.000000
 629	-278.096419	0.000000
 630	-278.400867	0.000000
 631	-278.796678	0.000000
 632	-278.931618	0.000000
 633	-278.605604	0.000000
 634	-278.532235	0.000000
 635	-278.791834	0.000000
 636	-278.363634	0.000000
 637	-278.136719	0.000000
 638	-278.236952	0.000000
 639	-278.392604	0.000000
 640	-278.467483	0.000000
 641	-278.609174	0.000000
 642	-278.560023	0.000000
 643	-278.622087	0.000000
 644	-278.281969	0.000000
 645	-278.445413	0.000000
 646	-278.791152	0.000000
 647	-278.730120	0.000000
 648	-278.777486	0.000000
 649	-278.887481	0.000000
 650	-278.773514	0.000000
 651	-278.733883	0.000000
 652	-278.658551	0.000000
 653	-278.361037	0.000000
 654	-278.401295	0.000000
 655	-278.310607	0.000000
 656	-278.236712	0.000000
 657	-278.258397	0.000000
 658	-277.994246	0.000000
 659	-278.086174	0.000000
 660	-278.217155	0.000000
 661	-278.235342	0.000000
 662	-278.050615	0.000000
 663	-277.657261	0.000000
 664	-277.656062	0.000000
 665	-277.904012	0.000000
 666	-278.260277	0.000000
 667	-278.138868	0.000000
 668	-278.245155	0.000000
 669	-278.491391	0.000000
 670	-278.569292	0.000000
 671	-278.460930	0.000000
 672	-278.661577	0.000000
 673	-278.619710	0.000000
 674	-278.448506	0.000000
 675	-278.537420	0.000000
 676	-278.803050	0.000000
 677	-278.836296	0.000000
 678	-278.941575	0.000000
 679	-279.183188	0.000000
 680	-279.032352	0.000000
 681	-278.815114	0.000000
 682	-278.490747	0.000000
 683	-278.572440	0.000000
 684	-278.171512	0.000000
 685	-277.856378	0.000000
 686	-277.479134	0.000000
 687	-277.493645	0.000000
 688	-277.440609	0.000000
 689	-277.026157	0.000000
 690	-276.949597	0.000000
 691	-277.330726	0.000000
 692	-277.888806	0.000000
 693	-278.125403	0.000000
 694	-278.483720	0.000000
 695	-278.538544	0.000000
 696	-278.313689	0.000000
 697	-278.499776	0.000000
 698	-278.406132	0.000000
 699	-278.712602	0.000000
 700	-278.543920	0.000000
 701	-278.647339	0.000000
 702	-278.690940	0.000000
 703	-278.861731	0.000000
 704	-278.830276	0.000000
 705	-278.864906	0.000000
 706	-279.022656	0.000000
 707	-278.821348	0.000000
 708	-278.533614	0.000000
 709	-278.759574	0.000000
 710	-278.708422	0.000000
 711	-278.754271	0.000000
 712	-278.726269	0.000000
 713	-278.799208	0.000000
 714	-278.571660	0.000000
 715	-278.155324	0.000000
 716	-278.536856	0.000000
 717	-278.813814	0.000000
 718	-278.927618	0.000000
 719	-278.982266	0.000000
 720	-279.052691	0.000000
 721	-278.825704	0.000000
 722	-278.515405	0.000000
 723	-278.731482	0.000000
 724	-279.089956	0.000000
 725	-279.235910	0.000000
 726	-279.120279	0.000000
 727	-279.251399	0.000000
 728	-279.448021	0.000000
 729	-279.298710	0.000000
 730	-278.933399	0.000000
 731	-278.471308	0.000000
 732	-278.279652	0.000000
 733	-278.464166	0.000000
 734	-278.245509	0.000000
 735	-277.742906	0.000000
 736	-277.445248	0.000000
 737	-277.694472	0.000000
 738	-277.550862	0.000000
 739	-277.772475	0.000000
 740	-278.093711	0.000000
 741	-277.587045	0.000000
 742	-277.509803	0.000000
 743	-277.536359	0.000000
 744	-277.451357	0.000000
 745	-277.926234	0.000000
 746	-278.154674	0.000000
 747	-278.160267	0.000000
 748	-278.474194	0.000000
 749	-279.060939	0.000000
 750	-278.848392	0.000000
 751	-278.451368	0.000000
 752	-277.999039	0.000000
 753	-278.255071	0.000000
 754	-278.523470	0.000000
 755	-278.177908	0.000000
 756	-278.489689	0.000000
 757	-278.570680	0.000000
 758	-278.652076	0.000000
 759	-278.488626	0.000000
 760	-278.016520	0.000000
 761	-277.798824	0.000000
 762	-277.450210	0.000000
 763	-277.550523	0.000000
 764	-277.596981	0.000000
 765	-277.848083	0.000000
 766	-277.898824	0.000000
 767	-277.819122	0.000000
 768	-278.176207	0.000000
 769	-278.516807	0.000000
 770	-278.430048	0.000000
 771	-278.352667	0.000000
 772	-278.329111	0.000000
 773	-278.299217	0.000000
 774	-278.435773	0.000000
 775	-278.668240	0.000000
 776	-278.821939	0.000000
 777	-278.679171	0.000000
 778	-278.688252	0.000000
 779	-278.470432	0.000000
 780	-278.472335	0.000000
 781	-278.916440	0.000000
 782	-278.938131	0.000000
 783	-279.110417	0.000000
 784	-279.226717	0.000000
 785	-278.528153	0.000000
 786	-278.476825	0.000000
 787	-278.631680	0.000000
 788	-278.176513	0.000000
 789	-278.506276	0.000000
 790	-278.425270	0.000000
 791	-278.403419	0.000000
 792	-278.824589	0.000000
 793	-279.006809	0.000000
 794	-278.975617	0.000000
 795	-278.904046	0.000000
 796	-279.184094	0.000000
 797	-279.350951	0.000000
 798	-279.388510	0.000000
 799	-279.252786	0.000000
 800	-278.976915	0.000000
 801	-279.130128	0.000000
 802	-279.344623	0.000000
 803	-279.063683	0.000000
 804	-278.827160	0.000000
 805	-278.907846	0.000000
 806	-278.794286	0.000000
 807	-278.722054	0.000000
 808	-278.864641	0.000000
 809	-278.810369	0.000000
 810	-278.598540	0.000000
 811	-278.749477	0.000000
 812	-278.724014	0.000000
 813	-278.488070	0.000000
 814	-278.816911	0.000000
 815	-278.861315	0.000000
 816	-278.932320	0.000000
 817	-279.035459	0.000000
 818	-278.955642	0.000000
 819	-279.266127	0.000000
 820	-279.167668	0.000000
 821	-278.389619	0.000000
 822	-278.543280	0.000000
 823	-278.384307	0.000000
 824	-278.082943	0.000000
 825	-278.081148	0.000000
 826	-278.056742	0.000000
 827	-278.142228	0.000000
 828	-278.580720	0.000000
 829	-278.551759	0.000000
 830	-278.600947	0.000000
 831	-278.465833	0.000000
 832	-278.004687	0.000000
 833	-278.426550	0.000000
 834	-278.590898	0.000000
 835	-278.631708	0.000000
 836	-278.837055	0.000000
 837	-278.779747	0.000000
 838	-279.090451	0.000000
 839	-278.904801	0.000000
 840	-279.122822	0.000000
 841	-279.205509	0.000000
 842	-278.758757	0.000000
 843	-278.433732	0.000000
 844	-278.570131	0.000000
 845	-278.784323	0.000000
 846	-278.717195	0.000000
 847	-278.731922	0.000000
 848	-278.643880	0.000000
 849	-279.061993	0.000000
 850	-279.063646	0.000000
 851	-279.148645	0.000000
 852	-279.194481	0.000000
 853	-279.395526	0.000000
 854	-279.562175	0.000000
 855	-279.159810	0.000000
 856	-279.128904	0.000000
 857	-278.808662	0.000000
 858	-278.288958	0.000000
 859	-278.509762	0.000000
 860	-278.717334	0.000000
 861	-279.017217	0.000000
 862	-278.608342	0.000000
 863	-278.509945	0.000000
 864	-278.537120	0.000000
 865	-278.437739	0.000000
 866	-278.459585	0.000000
 867	-278.659844	0.000000
 868	-278.790444	0.000000
 869	-279.139719	0.000000
 870	-279.070458	0.000000
 871	-279.321239	0.000000
 872	-279.307531	0.000000
 873	-279.114909	0.000000
 874	-278.548881	0.000000
 875	-278.584029	0.000000
 876	-278.658779	0.000000
 877	-278.873313	0.000000
 878	-278.645698	0.000000
 879	-278.532219	0.000000
 880	-278.304832	0.000000
 881	-278.593667	0.000000
 882	-278.665927	0.000000
 883	-278.719239	0.000000
 884	-278.559269	0.000000
 885	-278.433876	0.000000
 886	-278.758186	0.000000
 887	-278.811552	0.000000
 888	-278.756870	0.000000
 889	-278.921720	0.000000
 890	-278.562194	0.000000
 891	-278.079577	0.000000
 892	-277.868746	0.000000
 893	-278.129926	0.000000
 894	-278.567238	0.000000
 895	-278.482532	0.000000
 896	-278.519092	0.000000
 897	-278.238403	0.000000
 898	-278.189182	0.000000
 899	-278.228381	0.000000
 900	-277.962726	0.000000
 901	-278.207372	0.000000
 902	-278.122722	0.000000
 903	-277.931757	0.000000
 904	-278.065125	0.000000
 905	-277.885906	0.000000
 906	-278.470780	0.000000
 907	-278.715473	0.000000
 908	-278.743888	0.000000
 909	-278.968319	0.000000
 910	-278.780669	0.000000
 911	-278.754784	0.000000
 912	-278.736500	0.000000
 913	-278.298325	0.000000
 914	-278.378315	0.000000
 915	-278.987887	0.000000
 916	-279.057022	0.000000
 917	-279.485990	0.000000
 918	-279.493594	0.000000
 919	-279.773271	0.000000
 920	-279.721948	0.000000
 921	-279.660974	0.000000
 922	-279.735312	0.000000
 923	-279.113078	0.000000
 924	-279.161096	0.000000
 925	-279.103927	0.000000
 926	-279.057442	0.000000
 927	-279.304054	0.000000
 928	-279.571403	0.000000
 929	-279.787839	0.000000
 930	-279.856982	0.000000
 931	-279.518048	0.000000
 932	-279.522188	0.000000
 933	-279.652052	0.000000
 934	-279.744985	0.000000
 935	-279.998307	0.000000
 936	-279.871705	0.000000
 937	-279.820969	0.000000
 938	-279.767484	0.000000
 939	-279.214673	0.000000
 940	-279.344903	0.000000
 941	-279.175619	0.000000
 942	-279.152133	0.000000
 943	-278.883817	0.000000
 944	-278.472693	0.000000
 945	-278.760142	0.000000
 946	-278.880364	0.000000
 947	-279.174795	0.000000
 948	-279.190756	0.000000
 949	-279.094455	0.000000
 950	-279.114769	0.000000
 951	-279.275011	0.000000
 952	-279.078204	0.000000
 953	-279.099766	0.000000
 954	-279.243923	0.000000
 955	-279.052746	0.000000
 956	-279.079064	0.000000
 957	-279.136726	0.000000
 958	-279.187168	0.000000
 959	-279.538763	0.000000
 960	-279.665269	0.000000
 961	-279.766454	0.000000
 962	-279.592855	0.000000
 963	-279.650992	0.000000
 964	-279.812007	0.000000
 965	-279.683793	0.000000
 966	-279.767037	0.000000
 967	-279.376891	0.000000
 968	-279.217176	0.000000
 969	-278.951958	0.000000
 970	-278.726675	0.000000
 971	-279.014672	0.000000
 972	-279.041289	0.000000
 973	-279.136238	0.000000
 974	-279.303430	0.000000
 975	-279.239531	0.000000
 976	-279.207123	0.000000
 977	-279.348011	0.000000
 978	-279.173396	0.000000
 979	-279.145403	0.000000
 980	-279.326221	0.000000
 981	-279.654644	0.000000
 982	-279.737998	0.000000
 983	-279.954636	0.000000
 984	-279.927706	0.000000
 985	-280.053806	0.000000
 986	-279.955471	0.000000
 987	-279.780306	0.000000
 988	-279.204626	0.000000
 989	-279.419448	0.000000
 990	-279.220031	0.000000
 991	-279.386675	0.000000
 992	-279.312541	0.000000
 993	-279.174855	0.000000
 994	-279.416077	0.000000
 995	-279.081598	0.000000
 996	-278.986969	0.000000
 997	-279.063199	0.000000
 998	-279.099568	0.000000
 999	-279.373794	0.000000
 1000	-279.373300	0.000000
 1001	-279.425745	0.000000
 1002	-279.293254	0.000000
 1003	-279.046246	0.000000
 1004	-279.215505	0.000000
 1005	-279.552765	0.000000
 1006	-279.522902	0.000000
 1007	-279.680565	0.000000
 1008	-279.790533	0.000000
 1009	-279.667600	0.000000
 1010	-279.516739	0.000000
 1011	-279.580271	0.000000
 1012	-279.362512	0.000000
 1013	-279.263776	0.000000
 1014	-279.247186	0.000000
 1015	-279.381833	0.000000
 1016	-279.241791	0.000000
 1017	-279.058583	0.000000
 1018	-278.890607	0.000000
 1019	-278.232553	0.000000
 1020	-278.519149	0.000000
 1021	-278.900532	0.000000
 1022	-278.964628	0.000000
 1023	-279.129700	0.000000
 1024	-279.002832	0.000000
 1025	-279.202236	0.000000
 1026	-279.086138	0.000000
 1027	-278.743164	0.000000
 1028	-278.940735	0.000000
 1029	-279.312104	0.000000
 1030	-279.268698	0.000000
 1031	-279.284952	0.000000
 1032	-279.535395	0.000000
 1033	-279.564629	0.000000
 1034	-279.264615	0.000000
 1035	-279.407319	0.000000
 1036	-279.189934	0.000000
 1037	-278.729226	0.000000
 1038	-278.583334	0.000000
 1039	-278.811832	0.000000
 1040	-279.328917	0.000000
 1041	-279.475167	0.000000
 1042	-279.380547	0.000000
 1043	-279.646771	0.000000
 1044	-279.360266	0.000000
 1045	-279.255250	0.000000
 1046	-278.894506	0.000000
 1047	-278.738224	0.000000
 1048	-278.652077	0.000000
 1049	-278.793703	0.000000
 1050	-278.670959	0.000000
 1051	-278.522215	0.000000
 1052	-278.725424	0.000000
 1053	-278.851466	0.000000
 1054	-278.724613	0.000000
 1055	-278.867921	0.000000
 1056	-278.966439	0.000000
 1057	-279.151505	0.000000
 1058	-279.260210	0.000000
 1059	-279.143934	0.000000
 1060	-279.034077	0.000000
 1061	-278.995960	0.000000
 1062	-278.833236	0.000000
 1063	-279.198176	0.000000
 1064	-279.195934	0.000000
 1065	-279.207501	0.000000
 1066	-279.143665	0.000000
 1067	-279.012373	0.000000
 1068	-279.315252	0.000000
 1069	-279.641909	0.000000
 1070	-279.816985	0.000000
 1071	-280.008656	0.000000
 1072	-279.898903	0.000000
 1073	-280.036233	0.000000
 1074	-280.172664	0.000000
 1075	-279.768888	0.000000
 1076	-279.800344	0.000000
 1077	-280.181753	0.000000
 1078	-279.993626	0.000000
 1079	-279.974509	0.000000
 1080	-279.847832	0.000000
 1081	-279.704766	0.000000
 1082	-279.492449	0.000000
 1083	-279.377754	0.000000
 1084	-279.273101	0.000000
 1085	-279.887112	0.000000
 1086	-280.196510	0.000000
 1087	-280.399090	0.000000
 1088	-280.417145	0.000000
 1089	-280.552915	0.000000
 1090	-280.811087	0.000000
 1091	-280.551185	0.000000
 1092	-280.356077	0.000000
 1093	-280.216898	0.000000
 1094	-279.960961	0.000000
 1095	-279.851852	0.000000
 1096	-279.914393	0.000000
 1097	-279.951125	0.000000
 1098	-279.781489	0.000000
 1099	-279.666134	0.000000
 1100	-279.498790	0.000000
 1101	-279.712157	0.000000
 1102	-279.866678	0.000000
 1103	-279.814085	0.000000
 1104	-279.384329	0.000000
 1105	-279.227761	0.000000
 1106	-279.348121	0.000000
 1107	-279.153813	0.000000
 1108	-279.520228	0.000000
 1109	-279.381830	0.000000
 1110	-279.625605	0.000000
 1111	-280.118059	0.000000
 1112	-280.382289	0.000000
 1113	-280.364423	0.000000
 1114	-280.797119	0.000000
 1115	-280.618532	0.000000
 1116	-280.653154	0.000000
 1117	-280.778917	0.000000
 1118	-280.735724	0.000000
 1119	-280.998626	0.000000
 1120	-281.052027	0.000000
 1121	-281.196393	0.000000
 1122	-281.167945	0.000000
 1123	-281.126907	0.000000
 1124	-281.025534	0.000000
 1125	-281.127138	0.000000
 1126	-281.083990	0.000000
 1127	-280.802006	0.000000
 1128	-281.223126	0.000000
 1129	-281.638752	0.000000
 1130	-281.909044	0.000000
 1131	-281.741751	0.000000
 1132	-281.388931	0.000000
 1133	-281.300472	0.000000
 1134	-281.207083	0.000000
 1135	-281.347028	0.000000
 1136	-281.098032	0.000000
 1137	-281.031406	0.000000
 1138	-281.017841	0.000000
 1139	-280.963781	0.000000
 1140	-280.668725	0.000000
 1141	-280.894603	0.000000
 1142	-280.770800	0.000000
 1143	-280.969459	0.000000
 1144	-280.798138	0.000000
 1145	-280.899836	0.000000
 1146	-281.057852	0.000000
 1147	-280.928919	0.000000
 1148	-281.102117	0.000000
 1149	-281.124816	0.000000
 1150	-281.181291	0.000000
 1151	-281.099490	0.000000
 1152	-281.121577	0.000000
 1153	-281.186139	0.000000
 1154	-281.255719	0.000000
 1155	-280.800450	0.000000
 1156	-280.520185	0.000000
 1157	-280.688449	0.000000
 1158	-280.612226	0.000000
 1159	-280.596022	0.000000
 1160	-280.610087	0.000000
 1161	-280.480877	0.000000
 1162	-280.716003	0.000000
 1163	-280.692866	0.000000
 1164	-280.668313	0.000000
 1165	-280.925960	0.000000
 1166	-280.974225	0.000000
 1167	-281.122497	0.000000
 1168	-281.377702	0.000000
 1169	-281.347004	0.000000
 1170	-281.183872	0.000000
 1171	-280.972283	0.000000
 1172	-281.108530	0.000000
 1173	-281.259347	0.000000
 1174	-281.322776	0.000000
 1175	-281.243772	0.000000
 1176	-281.137596	0.000000
 1177	-281.284933	0.000000
 1178	-281.000797	0.000000
 1179	-281.084990	0.000000
 1180	-281.189429	0.000000
 1181	-281.320085	0.000000
 1182	-281.260763	0.000000
 1183	-281.156182	0.000000
 1184	-281.119737	0.000000
 1185	-281.665608	0.000000
 1186	-281.879347	0.000000
 1187	-281.635478	0.000000
 1188	-281.542751	0.000000
 1189	-281.521072	0.000000
 1190	-281.785254	0.000000
 1191	-281.663215	0.000000
 1192	-281.746937	0.000000
 1193	-281.630140	0.000000
 1194	-281.995761	0.000000
 1195	-282.136189	0.000000
 1196	-281.828753	0.000000
 1197	-281.662156	0.000000
 1198	-281.488726	0.000000
 1199	-281.516761	0.000000
 1200	-281.585985	0.000000
 1201	-281.511876	0.000000
 1202	-281.212653	0.000000
 1203	-280.980323	0.000000
 1204	-280.906254	0.000000
 1205	-280.931800	0.000000
 1206	-281.006215	0.000000
 1207	-281.376799	0.000000
 1208	-281.880590	0.000000
 1209	-281.825203	0.000000
 1210	-281.627396	0.000000
 1211	-281.908451	0.000000
 1212	-281.683693	0.000000
 1213	-282.058814	0.000000
 1214	-282.057138	0.000000
 1215	-281.935814	0.000000
 1216	-282.021534	0.000000
 1217	-281.922284	0.000000
 1218	-281.774006	0.000000
 1219	-281.981209	0.000000
 1220	-282.148820	0.000000
 1221	-282.591776	0.000000
 1222	-282.684770	0.000000
 1223	-282.644075	0.000000
 1224	-282.536346	0.000000
 1225	-282.191346	0.000000
 1226	-281.878958	0.000000
 1227	-282.035865	0.000000
 1228	-282.122415	0.000000
 1229	-281.871389	0.000000
 1230	-281.693697	0.000000
 1231	-282.231011	0.000000
 1232	-282.411372	0.000000
 1233	-282.673373	0.000000
 1234	-282.913097	0.000000
 1235	-282.577951	0.000000
 1236	-282.356108	0.000000
 1237	-281.981462	0.000000
 1238	-282.212932	0.000000
 1239	-282.014427	0.000000
 1240	-282.009542	0.000000
 1241	-282.048686	0.000000
 1242	-281.852951	0.000000
 1243	-281.459701	0.000000
 1244	-282.055942	0.000000
 1245	-282.371180	0.000000
 1246	-282.200046	0.000000
 1247	-282.544500	0.000000
 1248	-282.476806	0.000000
 1249	-282.484485	0.000000
 1250	-282.482023	0.000000
 1251	-282.209749	0.000000
 1252	-282.091956	0.000000
 1253	-282.095591	0.000000
 1254	-282.394195	0.000000
 1255	-282.683886	0.000000
 1256	-282.676583	0.000000
 1257	-282.700874	0.000000
 1258	-282.828719	0.000000
 1259	-282.956879	0.000000
 1260	-283.002621	0.000000
 1261	-282.792406	0.000000
 1262	-282.387528	0.000000
 1263	-282.583891	0.000000
 1264	-282.409627	0.000000
 1265	-282.400980	0.000000
 1266	-282.518148	0.000000
 1267	-282.509413	0.000000
 1268	-282.481541	0.000000
 1269	-282.693742	0.000000
 1270	-282.864138	0.000000
 1271	-283.096282	0.000000
 1272	-282.831037	0.000000
 1273	-282.758240	0.000000
 1274	-282.952048	0.000000
 1275	-283.366803	0.000000
 1276	-283.474808	0.000000
 1277	-283.310798	0.000000
 1278	-283.363684	0.000000
 1279	-283.224037	0.000000
 1280	-283.284926	0.000000
 1281	-283.506530	0.000000
 1282	-283.337948	0.000000
 1283	-283.483346	0.000000
 1284	-283.584276	0.000000
 1285	-283.902275	0.000000
 1286	-284.202208	0.000000
 1287	-284.231399	0.000000
 1288	-284.345069	0.000000
 1289	-284.210221	0.000000
 1290	-283.815118	0.000000
 1291	-283.755972	0.000000
 1292	-283.315176	0.000000
 1293	-283.045537	0.000000
 1294	-283.132298	0.000000
 1295	-283.004706	0.000000
 1296	-282.928169	0.000000
 1297	-282.986032	0.000000
 1298	-283.514749	0.000000
 1299	-283.410539	0.000000
 1300	-283.296671	0.000000
 1301	-283.383991	0.000000
 1302	-283.367995	0.000000
 1303	-282.996768	0.000000
 1304	-283.248315	0.000000
 1305	-283.321433	0.000000
 1306	-283.315206	0.000000
 1307	-283.674367	0.000000
 1308	-283.692555	0.000000
 1309	-283.449956	0.000000
 1310	-283.629263	0.000000
 1311	-283.445150	0.000000
 1312	-283.235698	0.000000
 1313	-283.268286	0.000000
 1314	-283.795812	0.000000
 1315	-283.632830	0.000000
 1316	-283.435612	0.000000
 1317	-283.384922	0.000000
 1318	-283.548607	0.000000
 1319	-283.342246	0.000000
 1320	-283.130962	0.000000
 1321	-283.049714	0.000000
 1322	-283.254933	0.000000
 1323	-283.143056	0.000000
 1324	-283.194309	0.000000
 1325	-283.122978	0.000000
 1326	-282.904109	0.000000
 1327	-283.084887	0.000000
 1328	-282.798260	0.000000
 1329	-282.628099	0.000000
 1330	-282.633550	0.000000
 1331	-282.928900	0.000000
 1332	-282.800068	0.000000
 1333	-282.787901	0.000000
 1334	-282.587594	0.000000
 1335	-282.624944	0.000000
 1336	-282.746894	0.000000
 1337	-283.105437	0.000000
 1338	-282.995715	0.000000
 1339	-283.177766	0.000000
 1340	-282.574577	0.000000
 1341	-282.840492	0.000000
 1342	-282.610473	0.000000
 1343	-282.469518	0.000000
 1344	-282.528914	0.000000
 1345	-282.727476	0.000000
 1346	-282.751269	0.000000
 1347	-282.691004	0.000000
 1348	-283.118664	0.000000
 1349	-283.168044	0.000000
 1350	-283.202816	0.000000
 1351	-283.340551	0.000000
 1352	-283.221556	0.000000
 1353	-283.057114	0.000000
 1354	-283.170609	0.000000
 1355	-283.327376	0.000000
 1356	-283.619170	0.000000
 1357	-283.915328	0.000000
 1358	-283.535523	0.000000
 1359	-283.275531	0.000000
 1360	-283.105075	0.000000
 1361	-282.584704	0.000000
 1362	-282.622096	0.000000
 1363	-282.826445	0.000000
 1364	-282.919129	0.000000
 1365	-283.169496	0.000000
 1366	-282.937941	0.000000
 1367	-282.436579	0.000000
 1368	-282.177490	0.000000
 1369	-282.148153	0.000000
 1370	-282.341776	0.000000
 1371	-282.706474	0.000000
 1372	-282.661627	0.000000
 1373	-282.463907	0.000000
 1374	-283.373809	0.000000
 1375	-283.626227	0.000000
 1376	-283.420646	0.000000
 1377	-283.395789	0.000000
 1378	-283.937774	0.000000
 1379	-283.629987	0.000000
 1380	-283.494432	0.000000
 1381	-283.304943	0.000000
 1382	-283.378731	0.000000
 1383	-283.432347	0.000000
 1384	-283.440359	0.000000
 1385	-283.786585	0.000000
 1386	-284.037746	0.000000
 1387	-283.913257	0.000000
 1388	-283.962081	0.000000
 1389	-284.027430	0.000000
 1390	-284.344922	0.000000
 1391	-284.289998	0.000000
 1392	-284.141990	0.000000
 1393	-284.195799	0.000000
 1394	-284.206178	0.000000
 1395	-284.312148	0.000000
 1396	-284.218338	0.000000
 1397	-283.652274	0.000000
 1398	-283.403996	0.000000
 1399	-283.416305	0.000000
 1400	-283.725731	0.000000
 1401	-283.752693	0.000000
 1402	-283.537683	0.000000
 1403	-283.406383	0.000000
 1404	-283.476920	0.000000
 1405	-282.907203	0.000000
 1406	-283.107453	0.000000
 1407	-283.445663	0.000000
 1408	-283.509197	0.000000
 1409	-283.410743	0.000000
 1410	-283.395396	0.000000
 1411	-283.279471	0.000000
 1412	-283.691203	0.000000
 1413	-283.884276	0.000000
 1414	-283.637571	0.000000
 1415	-283.606564	0.000000
 1416	-283.730561	0.000000
 1417	-283.339868	0.000000
 1418	-283.223938	0.000000
 1419	-283.101931	0.000000
 1420	-283.222224	0.000000
 1421	-283.419733	0.000000
 1422	-283.308529	0.000000
 1423	-283.294455	0.000000
 1424	-283.231182	0.000000
 1425	-283.134022	0.000000
 1426	-283.178777	0.000000
 1427	-282.879726	0.000000
 1428	-283.113888	0.000000
 1429	-282.651290	0.000000
 1430	-282.760554	0.000000
 1431	-282.969322	0.000000
 1432	-283.065005	0.000000
 1433	-282.916739	0.000000
 1434	-282.915218	0.000000
 1435	-282.992073	0.000000
 1436	-282.601963	0.000000
 1437	-282.652872	0.000000
 1438	-282.565434	0.000000
 1439	-282.863385	0.000000
 1440	-282.869340	0.000000
 1441	-283.112298	0.000000
 1442	-283.409136	0.000000
 1443	-283.478818	0.000000
 1444	-283.486417	0.000000
 1445	-283.544216	0.000000
 1446	-283.648813	0.000000
 1447	-283.898763	0.000000
 1448	-283.528702	0.000000
 1449	-283.573965	0.000000
 1450	-283.773302	0.000000
 1451	-283.718164	0.000000
 1452	-283.723010	0.000000
 1453	-283.532851	0.000000
 1454	-283.204626	0.000000
 1455	-283.356593	0.000000
 1456	-283.394843	0.000000
 1457	-283.301831	0.000000
 1458	-283.594364	0.000000
 1459	-283.523895	0.000000
 1460	-283.985714	0.000000
 1461	-283.849476	0.000000
 1462	-284.242652	0.000000
 1463	-284.007796	0.000000
 1464	-283.766560	0.000000
 1465	-283.987356	0.000000
 1466	-283.818809	0.000000
 1467	-283.628652	0.000000
 1468	-283.475035	0.000000
 1469	-283.460199	0.000000
 1470	-283.179717	0.000000
 1471	-283.422515	0.000000
 1472	-283.662588	0.000000
 1473	-283.388073	0.000000
 1474	-283.103109	0.000000
 1475	-283.441535	0.000000
 1476	-283.280133	0.000000
 1477	-283.074206	0.000000
 1478	-283.062488	0.000000
 1479	-283.181473	0.000000
 1480	-283.133451	0.000000
 1481	-283.519443	0.000000
 1482	-283.405577	0.000000
 1483	-283.412574	0.000000
 1484	-283.134875	0.000000
 1485	-283.371194	0.000000
 1486	-283.726235	0.000000
 1487	-283.986953	0.000000
 1488	-284.017798	0.000000
 1489	-283.838821	0.000000
 1490	-284.063272	0.000000
 1491	-284.347589	0.000000
 1492	-283.923163	0.000000
 1493	-283.914093	0.000000
 1494	-283.445019	0.000000
 1495	-283.057024	0.000000
 1496	-283.532421	0.000000
 1497	-283.576319	0.000000
 1498	-283.513269	0.000000
 1499	-283.218881	0.000000
 1500	-283.581431	0.000000
 1501	-283.716831	0.000000
 1502	-283.590478	0.000000
 1503	-283.489684	0.000000
 1504	-283.444839	0.000000
 1505	-283.336502	0.000000
 1506	-283.269627	0.000000
 1507	-283.446675	0.000000
 1508	-283.695008	0.000000
 1509	-283.216227	0.000000
 1510	-283.034940	0.000000
 1511	-282.946495	0.000000
 1512	-282.798393	0.000000
 1513	-283.199618	0.000000
 1514	-283.112210	0.000000
 1515	-283.504680	0.000000
 1516	-283.804638	0.000000
 1517	-283.179948	0.000000
 1518	-282.834993	0.000000
 1519	-283.016567	0.000000
 1520	-283.331393	0.000000
 1521	-283.222028	0.000000
 1522	-283.369813	0.000000
 1523	-283.687551	0.000000
 1524	-283.942405	0.000000
 1525	-283.760826	0.000000
 1526	-283.838627	0.000000
 1527	-284.014203	0.000000
 1528	-284.044507	0.000000
 1529	-283.695181	0.000000
 1530	-283.679045	0.000000
 1531	-283.499393	0.000000
 1532	-283.431735	0.000000
 1533	-283.299403	0.000000
 1534	-283.308893	0.000000
 1535	-283.395306	0.000000
 1536	-283.133955	0.000000
 1537	-283.252749	0.000000
 1538	-283.067719	0.000000
 1539	-283.336429	0.000000
 1540	-283.309467	0.000000
 1541	-283.599701	0.000000
 1542	-283.773812	0.000000
 1543	-283.679047	0.000000
 1544	-283.901139	0.000000
 1545	-283.934082	0.000000
 1546	-283.905005	0.000000
 1547	-283.751671	0.000000
 1548	-283.926555	0.000000
 1549	-283.665394	0.000000
 1550	-283.749698	0.000000
 1551	-283.642411	0.000000
 1552	-283.287206	0.000000
 1553	-283.618532	0.000000
 1554	-283.564955	0.000000
 1555	-283.189523	0.000000
 1556	-282.901289	0.000000
 1557	-282.874031	0.000000
 1558	-282.770082	0.000000
 1559	-282.318913	0.000000
 1560	-282.142323	0.000000
 1561	-282.520874	0.000000
 1562	-282.951708	0.000000
 1563	-283.184260	0.000000
 1564	-282.901749	0.000000
 1565	-282.588874	0.000000
 1566	-282.624734	0.000000
 1567	-282.263421	0.000000
 1568	-282.238664	0.000000
 1569	-282.611304	0.000000
 1570	-283.141096	0.000000
 1571	-283.326883	0.000000
 1572	-283.209166	0.000000
 1573	-283.166697	0.000000
 1574	-282.810554	0.000000
 1575	-282.931820	0.000000
 1576	-283.020475	0.000000
 1577	-283.196284	0.000000
 1578	-283.350403	0.000000
 1579	-283.505719	0.000000
 1580	-283.513951	0.000000
 1581	-283.743934	0.000000
 1582	-283.671489	0.000000
 1583	-283.771276	0.000000
 1584	-283.768767	0.000000
 1585	-283.232042	0.000000
 1586	-283.282528	0.000000
 1587	-283.237396	0.000000
 1588	-283.149036	0.000000
 1589	-283.609245	0.000000
 1590	-283.601472	0.000000
 1591	-283.209030	0.000000
 1592	-282.852492	0.000000
 1593	-282.483308	0.000000
 1594	-282.726450	0.000000
 1595	-282.662066	0.000000
 1596	-282.643930	0.000000
 1597	-282.711971	0.000000
 1598	-282.681586	0.000000
 1599	-282.819496	0.000000
 1600	-282.636654	0.000000
 1601	-282.689290	0.000000
 1602	-283.078345	0.000000
 1603	-282.913137	0.000000
 1604	-282.676164	0.000000
 1605	-283.114975	0.000000
 1606	-282.902704	0.000000
 1607	-282.900396	0.000000
 1608	-283.103445	0.000000
 1609	-283.379493	0.000000
 1610	-283.485153	0.000000
 1611	-283.455770	0.000000
 1612	-283.598704	0.000000
 1613	-283.881314	0.000000
 1614	-283.936354	0.000000
 1615	-283.754759	0.000000
 1616	-283.698345	0.000000
 1617	-283.539446	0.000000
 1618	-283.617512	0.000000
 1619	-283.703565	0.000000
 1620	-283.352674	0.000000
 1621	-283.174580	0.000000
 1622	-283.630392	0.000000
 1623	-283.441911	0.000000
 1624	-283.600050	0.000000
 1625	-283.551728	0.000000
 1626	-283.509933	0.000000
 1627	-283.574143	0.000000
 1628	-283.474947	0.000000
 1629	-283.660287	0.000000
 1630	-283.596994	0.000000
 1631	-283.432674	0.000000
 1632	-283.203355	0.000000
 1633	-283.135990	0.000000
 1634	-283.380748	0.000000
 1635	-282.938050	0.000000
 1636	-283.002371	0.000000
 1637	-283.269539	0.000000
 1638	-283.267478	0.000000
 1639	-283.110788	0.000000
 1640	-283.088150	0.000000
 1641	-283.064601	0.000000
 1642	-283.145036	0.000000
 1643	-283.109058	0.000000
 1644	-283.330879	0.000000
 1645	-283.318599	0.000000
 1646	-283.072987	0.000000
 1647	-283.259882	0.000000
 1648	-283.035568	0.000000
 1649	-283.047680	0.000000
 1650	-283.263637	0.000000
 1651	-283.132928	0.000000
 1652	-283.318093	0.000000
 1653	-283.492133	0.000000
 1654	-283.051796	0.000000
 1655	-283.309468	0.000000
 1656	-283.498976	0.000000
 1657	-283.437768	0.000000
 1658	-283.524112	0.000000
 1659	-283.639906	0.000000
 1660	-283.718916	0.000000
 1661	-283.555449	0.000000
 1662	-283.626627	0.000000
 1663	-283.804086	0.000000
 1664	-283.785103	0.000000
 1665	-283.555477	0.000000
 1666	-283.589525	0.000000
 1667	-283.638430	0.000000
 1668	-283.763640	0.000000
 1669	-283.903242	0.000000
 1670	-283.842669	0.000000
 1671	-283.732382	0.000000
 1672	-283.694708	0.000000
 1673	-283.708861	0.000000
 1674	-283.684977	0.000000
 1675	-283.758565	0.000000
 1676	-283.584730	0.000000
 1677	-283.516789	0.000000
 1678	-283.413306	0.000000
 1679	-283.089193	0.000000
 1680	-283.295707	0.000000
 1681	-283.479925	0.000000
 1682	-283.737334	0.000000
 1683	-283.526394	0.000000
 1684	-283.544827	0.000000
 1685	-283.846929	0.000000
 1686	-283.771289	0.000000
 1687	-283.725691	0.000000
 1688	-283.664067	0.000000
 1689	-283.667733	0.000000
 1690	-283.768114	0.000000
 1691	-283.720735	0.000000
 1692	-283.453179	0.000000
 1693	-283.290032	0.000000
 1694	-283.411246	0.000000
 1695	-283.530872	0.000000
 1696	-283.633933	0.000000
 1697	-283.726659	0.000000
 1698	-283.496015	0.000000
 1699	-283.770638	0.000000
 1700	-284.163722	0.000000
 1701	-283.883124	0.000000
 1702	-283.526873	0.000000
 1703	-283.393458	0.000000
 1704	-283.335085	0.000000
 1705	-283.167343	0.000000
 1706	-282.824971	0.000000
 1707	-282.896865	0.000000
 1708	-283.224590	0.000000
 1709	-283.215332	0.000000
 1710	-283.297962	0.000000
 1711	-283.443171	0.000000
 1712	-283.522794	0.000000
 1713	-283.546724	0.000000
 1714	-283.509536	0.000000
 1715	-283.484978	0.000000
 1716	-283.592868	0.000000
 1717	-283.911310	0.000000
 1718	-283.878014	0.000000
 1719	-284.115493	0.000000
 1720	-284.280467	0.000000
 1721	-284.425752	0.000000
 1722	-284.212833	0.000000
 1723	-283.961913	0.000000
 1724	-283.640988	0.000000
 1725	-283.560447	0.000000
 1726	-283.553981	0.000000
 1727	-283.871917	0.000000
 1728	-284.189045	0.000000
 1729	-284.268970	0.000000
 1730	-284.378764	0.000000
 1731	-284.556846	0.000000
 1732	-284.690323	0.000000
 1733	-284.526704	0.000000
 1734	-284.463931	0.000000
 1735	-284.217202	0.000000
 1736	-284.292381	0.000000
 1737	-284.380471	0.000000
 1738	-284.443877	0.000000
 1739	-284.577739	0.000000
 1740	-284.214645	0.000000
 1741	-284.057008	0.000000
 1742	-284.001159	0.000000
 1743	-284.363921	0.000000
 1744	-284.340777	0.000000
 1745	-284.343109	0.000000
 1746	-284.288932	0.000000
 1747	-284.413580	0.000000
 1748	-284.566722	0.000000
 1749	-284.676912	0.000000
 1750	-284.880107	0.000000
 1751	-284.516372	0.000000
 1752	-284.117744	0.000000
 1753	-283.544020	0.000000
 1754	-283.433847	0.000000
 1755	-283.429064	0.000000
 1756	-283.431481	0.000000
 1757	-283.234879	0.000000
 1758	-283.452155	0.000000
 1759	-283.361282	0.000000
 1760	-283.392077	0.000000
 1761	-283.692368	0.000000
 1762	-283.781188	0.000000
 1763	-283.741912	0.000000
 1764	-284.018528	0.000000
 1765	-283.952535	0.000000
 1766	-283.815368	0.000000
 1767	-283.682795	0.000000
 1768	-283.623230	0.000000
 1769	-283.181260	0.000000
 1770	-283.472567	0.000000
 1771	-283.548363	0.000000
 1772	-283.735746	0.000000
 1773	-283.757540	0.000000
 1774	-283.772346	0.000000
 1775	-283.662918	0.000000
 1776	-283.583313	0.000000
 1777	-283.739789	0.000000
 1778	-283.241717	0.000000
 1779	-283.276654	0.000000
 1780	-283.358270	0.000000
 1781	-283.623951	0.000000
 1782	-284.091298	0.000000
 1783	-284.318286	0.000000
 1784	-284.133198	0.000000
 1785	-284.193185	0.000000
 1786	-284.161044	0.000000
 1787	-284.611033	0.000000
 1788	-284.684906	0.000000
 1789	-284.581131	0.000000
 1790	-284.105203	0.000000
 1791	-284.061645	0.000000
 1792	-283.983014	0.000000
 1793	-284.172151	0.000000
 1794	-283.912409	0.000000
 1795	-284.050016	0.000000
 1796	-284.401883	0.000000
 1797	-283.988352	0.000000
 1798	-283.640131	0.000000
 1799	-283.540389	0.000000
 1800	-283.242099	0.000000
 1801	-283.385974	0.000000
 1802	-283.336666	0.000000
 1803	-283.832789	0.000000
 1804	-284.152949	0.000000
 1805	-284.036190	0.000000
 1806	-284.199173	0.000000
 1807	-284.066206	0.000000
 1808	-283.767774	0.000000
 1809	-284.384392	0.000000
 1810	-284.452123	0.000000
 1811	-284.522341	0.000000
 1812	-284.481421	0.000000
 1813	-284.594298	0.000000
 1814	-284.633812	0.000000
 1815	-284.686213	0.000000
 1816	-284.271963	0.000000
 1817	-283.966265	0.000000
 1818	-283.618348	0.000000
 1819	-283.717802	0.000000
 1820	-283.761039	0.000000
 1821	-283.628393	0.000000
 1822	-283.599706	0.000000
 1823	-283.886732	0.000000
 1824	-284.155819	0.000000
 1825	-283.951116	0.000000
 1826	-283.877997	0.000000
 1827	-284.043911	0.000000
 1828	-284.453934	0.000000
 1829	-284.583467	0.000000
 1830	-284.251108	0.000000
 1831	-284.049977	0.000000
 1832	-284.076313	0.000000
 1833	-284.177962	0.000000
 1834	-284.060813	0.000000
 1835	-283.459425	0.000000
 1836	-282.946531	0.000000
 1837	-282.721082	0.000000
 1838	-282.879019	0.000000
 1839	-283.203430	0.000000
 1840	-283.335864	0.000000
 1841	-283.179790	0.000000
 1842	-282.867123	0.000000
 1843	-283.156238	0.000000
 1844	-283.549317	0.000000
 1845	-283.883237	0.000000
 1846	-284.012041	0.000000
 1847	-283.747241	0.000000
 1848	-283.556157	0.000000
 1849	-283.670774	0.000000
 1850	-283.417883	0.000000
 1851	-283.597358	0.000000
 1852	-283.929267	0.000000
 1853	-284.216469	0.000000
 1854	-284.675430	0.000000
 1855	-284.558665	0.000000
 1856	-284.625116	0.000000
 1857	-284.420943	0.000000
 1858	-284.500136	0.000000
 1859	-284.714445	0.000000
 1860	-284.841500	0.000000
 1861	-284.911967	0.000000
 1862	-284.775151	0.000000
 1863	-284.920738	0.000000
 1864	-284.847522	0.000000
 1865	-284.640091	0.000000
 1866	-284.376694	0.000000
 1867	-284.419267	0.000000
 1868	-284.386806	0.000000
 1869	-284.529739	0.000000
 1870	-284.313979	0.000000
 1871	-283.723039	0.000000
 1872	-283.486497	0.000000
 1873	-283.343799	0.000000
 1874	-283.394447	0.000000
 1875	-283.211324	0.000000
 1876	-283.712868	0.000000
 1877	-283.998619	0.000000
 1878	-283.922999	0.000000
 1879	-284.105641	0.000000
 1880	-284.332392	0.000000
 1881	-284.644687	0.000000
 1882	-284.693895	0.000000
 1883	-284.670447	0.000000
 1884	-284.493714	0.000000
 1885	-284.348311	0.000000
 1886	-284.444675	0.000000
 1887	-284.434571	0.000000
 1888	-284.213148	0.000000
 1889	-284.164565	0.000000
 1890	-284.352801	0.000000
 1891	-284.173864	0.000000
 1892	-284.185874	0.000000
 1893	-284.147462	0.000000
 1894	-284.167069	0.000000
 1895	-284.155796	0.000000
 1896	-283.856231	0.000000
 1897	-283.986007	0.000000
 1898	-283.747971	0.000000
 1899	-283.339586	0.000000
 1900	-283.508550	0.000000
 1901	-283.356190	0.000000
 1902	-283.775892	0.000000
 1903	-283.889296	0.000000
 1904	-284.177694	0.000000
 1905	-283.929167	0.000000
 1906	-283.807103	0.000000
 1907	-283.911780	0.000000
 1908	-283.980569	0.000000
 1909	-284.112494	0.000000
 1910	-284.377539	0.000000
 1911	-284.633527	0.000000
 1912	-284.876156	0.000000
 1913	-284.633840	0.000000
 1914	-284.710656	0.000000
 1915	-284.727773	0.000000
 1916	-284.618968	0.000000
 1917	-284.380914	0.000000
 1918	-284.410986	0.000000
 1919	-284.357258	0.000000
 1920	-284.386446	0.000000
 1921	-284.555053	0.000000
 1922	-284.504102	0.000000
 1923	-284.315676	0.000000
 1924	-284.400188	0.000000
 1925	-284.767460	0.000000
 1926	-284.809066	0.000000
 1927	-285.211345	0.000000
 1928	-285.280590	0.000000
 1929	-285.192640	0.000000
 1930	-284.766789	0.000000
 1931	-284.426253	0.000000
 1932	-284.143194	0.000000
 1933	-284.354191	0.000000
 1934	-284.083231	0.000000
 1935	-283.851267	0.000000
 1936	-283.825362	0.000000
 1937	-284.311402	0.000000
 1938	-284.299812	0.000000
 1939	-283.851705	0.000000
 1940	-284.002357	0.000000
 1941	-283.768689	0.000000
 1942	-283.891831	0.000000
 1943	-283.770390	0.000000
 1944	-283.918593	0.000000
 1945	-283.942299	0.000000
 1946	-284.436665	0.000000
 1947	-284.409838	0.000000
 1948	-284.760176	0.000000
 1949	-284.649301	0.000000
 1950	-284.855092	0.000000
 1951	-285.116759	0.000000
 1952	-284.843234	0.000000
 1953	-284.734718	0.000000
 1954	-284.700634	0.000000
 1955	-284.561908	0.000000
 1956	-284.190785	0.000000
 1957	-283.878247	0.000000
 1958	-284.114284	0.000000
 1959	-284.050991	0.000000
 1960	-283.671806	0.000000
 1961	-283.553356	0.000000
 1962	-283.702395	0.000000
 1963	-283.431503	0.000000
 1964	-283.411635	0.000000
 1965	-283.420098	0.000000
 1966	-283.167238	0.000000
 1967	-282.967324	0.000000
 1968	-283.349955	0.000000
 1969	-283.436295	0.000000
 1970	-283.760537	0.000000
 1971	-283.816547	0.000000
 1972	-283.649774	0.000000
 1973	-283.921775	0.000000
 1974	-284.049925	0.000000
 1975	-284.272527	0.000000
 1976	-284.274665	0.000000
 1977	-284.043463	0.000000
 1978	-283.801144	0.000000
 1979	-283.765335	0.000000
 1980	-283.553136	0.000000
 1981	-283.585819	0.000000
 1982	-283.830817	0.000000
 1983	-283.791599	0.000000
 1984	-283.910579	0.000000
 1985	-283.680855	0.000000
 1986	-284.029745	0.000000
 1987	-284.272160	0.000000
 1988	-284.303788	0.000000
 1989	-284.183014	0.000000
 1990	-284.187411	0.000000
 1991	-284.029890	0.000000
 1992	-284.011231	0.000000
 1993	-284.154771	0.000000
 1994	-284.028133	0.000000
 1995	-283.792351	0.000000
 1996	-283.799224	0.000000
 1997	-283.977331	0.000000
 1998	-284.104165	0.000000
 1999	-284.237668	0.000000
 2000	-284.343767	0.000000
 2001	-284.169506	0.000000
 2002	-284.651860	0.000000
 2003	-284.679384	0.000000
 2004	-284.632594	0.000000
 2005	-284.124321	0.000000
 2006	-283.713414	0.000000
 2007	-283.709751	0.000000
 2008	-283.597452	0.000000
 2009	-283.637676	0.000000
 2010	-283.524563	0.000000
 2011	-283.190532	0.000000
 2012	-283.333445	0.000000
 2013	-283.014983	0.000000
 2014	-283.473506	0.000000
 2015	-284.106694	0.000000
 2016	-284.391046	0.000000
 2017	-284.088631	0.000000
 2018	-284.533994	0.000000
 2019	-284.667606	0.000000
 2020	-284.467615	0.000000
 2021	-284.065531	0.000000
 2022	-284.113350	0.000000
 2023	-283.772440	0.000000
 2024	-283.671496	0.000000
 2025	-283.745539	0.000000
 2026	-283.549426	0.000000
 2027	-283.592245	0.000000
 2028	-283.411446	0.000000
 2029	-283.547772	0.000000
 2030	-284.033225	0.000000
 2031	-284.003425	0.000000
 2032	-283.645095	0.000000
 2033	-283.315506	0.000000
 2034	-283.129067	0.000000
 2035	-282.808492	0.000000
 2036	-283.181451	0.000000
 2037	-283.407083	0.000000
 2038	-283.495949	0.000000
 2039	-283.941657	0.000000
 2040	-284.106160	0.000000
 2041	-284.161170	0.000000
 2042	-284.416124	0.000000
 2043	-284.124280	0.000000
 2044	-284.132514	0.000000
 2045	-283.878515	0.000000
 2046	-283.799771	0.000000
 2047	-283.922683	0.000000
 2048	-283.841461	0.000000
 2049	-283.389401	0.000000
 2050	-283.182028	0.000000
 2051	-283.417330	0.000000
 2052	-283.662244	0.000000
 2053	-284.097351	0.000000
 2054	-284.318908	0.000000
 2055	-284.337896	0.000000
 2056	-284.522302	0.000000
 2057	-284.692790	0.000000
 2058	-284.649683	0.000000
 2059	-284.679981	0.000000
 2060	-284.887803	0.000000
 2061	-284.635554	0.000000
 2062	-284.486493	0.000000
 2063	-284.924214	0.000000
 2064	-284.740168	0.000000
 2065	-285.024608	0.000000
 2066	-284.736426	0.000000
 2067	-284.458893	0.000000
 2068	-284.032816	0.000000
 2069	-284.176825	0.000000
 2070	-283.959764	0.000000
 2071	-283.661762	0.000000
 2072	-283.363954	0.000000
 2073	-283.809279	0.000000
 2074	-284.084413	0.000000
 2075	-284.033320	0.000000
 2076	-284.055264	0.000000
 2077	-283.761379	0.000000
 2078	-283.582585	0.000000
 2079	-283.798696	0.000000
 2080	-284.070914	0.000000
 2081	-284.072108	0.000000
 2082	-283.852781	0.000000
 2083	-283.719483	0.000000
 2084	-283.394444	0.000000
 2085	-283.370691	0.000000
 2086	-283.611767	0.000000
 2087	-283.736896	0.000000
 2088	-283.538976	0.000000
 2089	-283.196540	0.000000
 2090	-283.385530	0.000000
 2091	-283.391306	0.000000
 2092	-283.420481	0.000000
 2093	-283.451097	0.000000
 2094	-283.700659	0.000000
 2095	-284.001137	0.000000
 2096	-283.767240	0.000000
 2097	-283.512602	0.000000
 2098	-283.683542	0.000000
 2099	-284.132037	0.000000
 2100	-284.287495	0.000000
 2101	-284.554908	0.000000
 2102	-284.592228	0.000000
 2103	-284.537382	0.000000
 2104	-284.476271	0.000000
 2105	-284.424788	0.000000
 2106	-284.091976	0.000000
 2107	-284.075261	0.000000
 2108	-283.895324	0.000000
 2109	-283.650226	0.000000
 2110	-283.829986	0.000000
 2111	-283.978228	0.000000
 2112	-283.713287	0.000000
 2113	-283.433137	0.000000
 2114	-283.257429	0.000000
 2115	-282.395883	0.000000
 2116	-282.187233	0.000000
 2117	-281.947677	0.000000
 2118	-282.178679	0.000000
 2119	-283.036926	0.000000
 2120	-283.618982	0.000000
 2121	-283.967776	0.000000
 2122	-284.161792	0.000000
 2123	-284.134568	0.000000
 2124	-284.000045	0.000000
 2125	-283.928603	0.000000
 2126	-283.801802	0.000000
 2127	-283.957861	0.000000
 2128	-283.749819	0.000000
 2129	-284.102267	0.000000
 2130	-284.171957	0.000000
 2131	-283.957882	0.000000
 2132	-284.205771	0.000000
 2133	-284.320519	0.000000
 2134	-283.758043	0.000000
 2135	-283.350338	0.000000
 2136	-283.344574	0.000000
 2137	-283.662161	0.000000
 2138	-283.941512	0.000000
 2139	-283.860059	0.000000
 2140	-283.969820	0.000000
 2141	-283.942758	0.000000
 2142	-283.782519	0.000000
 2143	-283.769205	0.000000
 2144	-283.725928	0.000000
 2145	-284.199556	0.000000
 2146	-284.397044	0.000000
 2147	-284.197840	0.000000
 2148	-284.315942	0.000000
 2149	-284.519905	0.000000
 2150	-284.742518	0.000000
 2151	-284.951901	0.000000
 2152	-284.740885	0.000000
 2153	-284.230188	0.000000
 2154	-284.435693	0.000000
 2155	-284.149489	0.000000
 2156	-283.924725	0.000000
 2157	-284.158953	0.000000
 2158	-284.381805	0.000000
 2159	-284.437743	0.000000
 2160	-284.219236	0.000000
 2161	-283.905230	0.000000
 2162	-283.527833	0.000000
 2163	-284.025640	0.000000
 2164	-283.732818	0.000000
 2165	-283.659668	0.000000
 2166	-283.815405	0.000000
 2167	-284.202799	0.000000
 2168	-284.390785	0.000000
 2169	-284.332841	0.000000
 2170	-284.231229	0.000000
 2171	-283.964419	0.000000
 2172	-284.099263	0.000000
 2173	-283.989973	0.000000
 2174	-284.104506	0.000000
 2175	-284.474664	0.000000
 2176	-284.484339	0.000000
 2177	-284.184273	0.000000
 2178	-284.329636	0.000000
 2179	-284.218431	0.000000
 2180	-284.236116	0.000000
 2181	-284.167795	0.000000
 2182	-284.396095	0.000000
 2183	-284.457658	0.000000
 2184	-284.595410	0.000000
 2185	-284.502475	0.000000
 2186	-284.645053	0.000000
 2187	-284.646015	0.000000
 2188	-284.736622	0.000000
 2189	-284.516823	0.000000
 2190	-284.497618	0.000000
 2191	-284.319109	0.000000
 2192	-284.245037	0.000000
 2193	-284.461966	0.000000
 2194	-284.653144	0.000000
 2195	-284.729185	0.000000
 2196	-284.722043	0.000000
 2197	-284.613323	0.000000
 2198	-284.855442	0.000000
 2199	-285.061998	0.000000
 2200	-284.832708	0.000000
 2201	-284.504674	0.000000
 2202	-284.550746	0.000000
 2203	-284.719321	0.000000
 2204	-284.637076	0.000000
 2205	-284.853337	0.000000
 2206	-284.781765	0.000000
 2207	-284.444022	0.000000
 2208	-284.602901	0.000000
 2209	-284.798075	0.000000
 2210	-284.671172	0.000000
 2211	-284.317310	0.000000
 2212	-284.551301	0.000000
 2213	-284.536965	0.000000
 2214	-284.568133	0.000000
 2215	-284.462126	0.000000
 2216	-284.415447	0.000000
 2217	-284.106496	0.000000
 2218	-283.867841	0.000000
 2219	-283.847632	0.000000
 2220	-284.143141	0.000000
 2221	-284.104841	0.000000
 2222	-284.119754	0.000000
 2223	-284.315536	0.000000
 2224	-284.464062	0.000000
 2225	-284.629218	0.000000
 2226	-284.630735	0.000000
 2227	-284.355229	0.000000
 2228	-284.296749	0.000000
 2229	-284.218592	0.000000
 2230	-284.205998	0.000000
 2231	-284.285392	0.000000
 2232	-284.016009	0.000000
 2233	-284.041710	0.000000
 2234	-283.850745	0.000000
 2235	-283.666846	0.000000
 2236	-283.617128	0.000000
 2237	-283.990079	0.000000
 2238	-284.117784	0.000000
 2239	-284.044940	0.000000
 2240	-284.503124	0.000000
 2241	-284.510984	0.000000
 2242	-284.521224	0.000000
 2243	-284.414730	0.000000
 2244	-284.405707	0.000000
 2245	-284.263271	0.000000
 2246	-284.113252	0.000000
 2247	-284.077243	0.000000
 2248	-283.963392	0.000000
 2249	-283.689616	0.000000
 2250	-283.633855	0.000000
 2251	-283.839192	0.000000
 2252	-283.515628	0.000000
 2253	-283.248261	0.000000
 2254	-283.332259	0.000000
 2255	-283.055926	0.000000
 2256	-283.275342	0.000000
 2257	-283.471567	0.000000
 2258	-283.287022	0.000000
 2259	-283.355182	0.000000
 2260	-283.498193	0.000000
 2261	-283.153627	0.000000
 2262	-283.104241	0.000000
 2263	-283.431519	0.000000
 2264	-283.595388	0.000000
 2265	-283.627759	0.000000
 2266	-283.915619	0.000000
 2267	-283.835524	0.000000
 2268	-284.256946	0.000000
 2269	-284.502617	0.000000
 2270	-284.730666	0.000000
 2271	-284.675900	0.000000
 2272	-284.330776	0.000000
 2273	-284.509478	0.000000
 2274	-284.425643	0.000000
 2275	-284.113676	0.000000
 2276	-283.628318	0.000000
 2277	-283.261654	0.000000
 2278	-283.700538	0.000000
 2279	-284.198688	0.000000
 2280	-284.507820	0.000000
 2281	-284.628436	0.000000
 2282	-284.524135	0.000000
 2283	-284.561148	0.000000
 2284	-284.636085	0.000000
 2285	-284.547492	0.000000
 2286	-284.607975	0.000000
 2287	-284.526125	0.000000
 2288	-284.499440	0.000000
 2289	-284.323815	0.000000
 2290	-284.361620	0.000000
 2291	-284.634030	0.000000
 2292	-284.531222	0.000000
 2293	-284.613179	0.000000
 2294	-284.854256	0.000000
 2295	-284.899865	0.000000
 2296	-284.640658	0.000000
 2297	-284.627426	0.000000
 2298	-284.384060	0.000000
 2299	-284.025114	0.000000
 2300	-283.767182	0.000000
 2301	-284.052547	0.000000
 2302	-284.260438	0.000000
 2303	-284.281722	0.000000
 2304	-284.217208	0.000000
 2305	-284.293632	0.000000
 2306	-284.431875	0.000000
 2307	-284.463914	0.000000
 2308	-284.319509	0.000000
 2309	-284.169161	0.000000
 2310	-284.155338	0.000000
 2311	-283.930385	0.000000
 2312	-283.890262	0.000000
 2313	-284.116954	0.000000
 2314	-284.010162	0.000000
 2315	-283.694895	0.000000
 2316	-283.628060	0.000000
 2317	-283.881516	0.000000
 2318	-284.268903	0.000000
 2319	-284.076338	0.000000
 2320	-284.102395	0.000000
 2321	-283.881474	0.000000
 2322	-283.816854	0.000000
 2323	-283.519711	0.000000
 2324	-283.961575	0.000000
 2325	-283.897319	0.000000
 2326	-284.126352	0.000000
 2327	-284.434730	0.000000
 2328	-284.377265	0.000000
 2329	-284.093872	0.000000
 2330	-283.698899	0.000000
 2331	-283.484293	0.000000
 2332	-283.596693	0.000000
 2333	-283.764052	0.000000
 2334	-283.546817	0.000000
 2335	-283.524257	0.000000
 2336	-283.993474	0.000000
 2337	-283.711137	0.000000
 2338	-283.785610	0.000000
 2339	-283.615753	0.000000
 2340	-283.326402	0.000000
 2341	-283.468828	0.000000
 2342	-283.274792	0.000000
 2343	-283.120841	0.000000
 2344	-283.151189	0.000000
 2345	-283.517433	0.000000
 2346	-284.001494	0.000000
 2347	-283.867923	0.000000
 2348	-283.538229	0.000000
 2349	-283.945913	0.000000
 2350	-284.022053	0.000000
 2351	-284.443468	0.000000
 2352	-284.477859	0.000000
 2353	-284.357454	0.000000
 2354	-284.246521	0.000000
 2355	-284.427232	0.000000
 2356	-284.688406	0.000000
 2357	-284.647270	0.000000
 2358	-284.328898	0.000000
 2359	-284.472362	0.000000
 2360	-284.175513	0.000000
 2361	-283.767104	0.000000
 2362	-283.703618	0.000000
 2363	-284.065638	0.000000
 2364	-284.220248	0.000000
 2365	-284.388362	0.000000
 2366	-283.886354	0.000000
 2367	-284.025867	0.000000
 2368	-283.694249	0.000000
 2369	-283.751514	0.000000
 2370	-283.736044	0.000000
 2371	-283.811158	0.000000
 2372	-283.831832	0.000000
 2373	-283.664591	0.000000
 2374	-284.087712	0.000000
 2375	-284.047692	0.000000
 2376	-283.781741	0.000000
 2377	-284.127215	0.000000
 2378	-284.204932	0.000000
 2379	-284.230469	0.000000
 2380	-284.328275	0.000000
 2381	-284.358571	0.000000
 2382	-284.319164	0.000000
 2383	-284.542807	0.000000
 2384	-284.468180	0.000000
 2385	-284.750167	0.000000
 2386	-284.815365	0.000000
 2387	-284.970531	0.000000
 2388	-285.034528	0.000000
 2389	-284.736009	0.000000
 2390	-284.336794	0.000000
 2391	-284.230384	0.000000
 2392	-284.389096	0.000000
 2393	-284.227584	0.000000
 2394	-284.494188	0.000000
 2395	-284.495142	0.000000
 2396	-283.603363	0.000000
 2397	-283.630378	0.000000
 2398	-283.836802	0.000000
 2399	-283.489242	0.000000
 2400	-283.533260	0.000000
 2401	-283.676061	0.000000
 2402	-283.988439	0.000000
 2403	-284.141506	0.000000
 2404	-283.837022	0.000000
 2405	-283.671306	0.000000
 2406	-283.869009	0.000000
 2407	-283.994629	0.000000
 2408	-283.993257	0.000000
 2409	-283.968589	0.000000
 2410	-283.255129	0.000000
 2411	-283.272166	0.000000
 2412	-283.716464	0.000000
 2413	-283.400443	0.000000
 2414	-283.313680	0.000000
 2415	-283.348004	0.000000
 2416	-283.510469	0.000000
 2417	-283.953613	0.000000
 2418	-284.308397	0.000000
 2419	-284.287098	0.000000
 2420	-284.208856	0.000000
 2421	-283.867730	0.000000
 2422	-284.114113	0.000000
 2423	-283.979027	0.000000
 2424	-283.797755	0.000000
 2425	-283.871698	0.000000
 2426	-283.773966	0.000000
 2427	-284.109846	0.000000
 2428	-284.238816	0.000000
 2429	-284.293638	0.000000
 2430	-284.693893	0.000000
 2431	-284.358453	0.000000
 2432	-284.605843	0.000000
 2433	-284.845425	0.000000
 2434	-285.157974	0.000000
 2435	-284.983605	0.000000
 2436	-284.863999	0.000000
 2437	-284.407216	0.000000
 2438	-284.495966	0.000000
 2439	-284.522570	0.000000
 2440	-284.302637	0.000000
 2441	-284.383588	0.000000
 2442	-284.449563	0.000000
 2443	-284.577544	0.000000
 2444	-284.607354	0.000000
 2445	-284.337390	0.000000
 2446	-284.273293	0.000000
 2447	-284.183408	0.000000
 2448	-284.127052	0.000000
 2449	-284.410911	0.000000
 2450	-284.439792	0.000000
 2451	-284.325557	0.000000
 2452	-284.225021	0.000000
 2453	-284.291454	0.000000
 2454	-284.171828	0.000000
 2455	-284.193171	0.000000
 2456	-283.881872	0.000000
 2457	-283.786877	0.000000
 2458	-283.912450	0.000000
 2459	-283.994210	0.000000
 2460	-284.013114	0.000000
 2461	-283.803781	0.000000
 2462	-283.720311	0.000000
 2463	-283.603630	0.000000
 2464	-283.864668	0.000000
 2465	-284.150690	0.000000
 2466	-284.438266	0.000000
 2467	-284.879349	0.000000
 2468	-284.857964	0.000000
 2469	-284.634163	0.000000
 2470	-284.611412	0.000000
 2471	-284.882591	0.000000
 2472	-285.187125	0.000000
 2473	-285.162970	0.000000
 2474	-284.927384	0.000000
 2475	-284.826629	0.000000
 2476	-285.155102	0.000000
 2477	-285.223419	0.000000
 2478	-285.092068	0.000000
 2479	-285.018489	0.000000
 2480	-284.819402	0.000000
 2481	-284.418071	0.000000
 2482	-284.331343	0.000000
 2483	-284.588349	0.000000
 2484	-284.475940	0.000000
 2485	-284.452309	0.000000
 2486	-284.295801	0.000000
 2487	-284.098995	0.000000
 2488	-283.957382	0.000000
 2489	-284.497017	0.000000
 2490	-284.364865	0.000000
 2491	-283.788102	0.000000
 2492	-283.616988	0.000000
 2493	-283.475970	0.000000
 2494	-283.539484	0.000000
 2495	-283.596607	0.000000
 2496	-283.464113	0.000000
 2497	-283.602644	0.000000
 2498	-284.216249	0.000000
 2499	-284.281049	0.000000
 2500	-284.383262	0.000000
 2501	-284.383213	0.000000
 2502	-284.467746	0.000000
 2503	-284.435349	0.000000
 2504	-284.406029	0.000000
 2505	-284.409929	0.000000
 2506	-284.433839	0.000000
 2507	-284.500215	0.000000
 2508	-284.604768	0.000000
 2509	-284.505198	0.000000
 2510	-284.510508	0.000000
 2511	-284.783130	0.000000
 2512	-284.803714	0.000000
 2513	-284.772218	0.000000
 2514	-284.820737	0.000000
 2515	-284.808282	0.000000
 2516	-285.186589	0.000000
 2517	-285.171641	0.000000
 2518	-285.086408	0.000000
 2519	-284.910020	0.000000
 2520	-284.590520	0.000000
 2521	-284.422448	0.000000
 2522	-284.302948	0.000000
 2523	-284.319839	0.000000
 2524	-284.315005	0.000000
 2525	-284.243730	0.000000
 2526	-284.278949	0.000000
 2527	-284.340135	0.000000
 2528	-284.720128	0.000000
 2529	-284.621220	0.000000
 2530	-284.636666	0.000000
 2531	-284.735321	0.000000
 2532	-284.812375	0.000000
 2533	-284.514419	0.000000
 2534	-284.604855	0.000000
 2535	-284.738206	0.000000
 2536	-284.838827	0.000000
 2537	-284.618917	0.000000
 2538	-284.893183	0.000000
 2539	-284.971230	0.000000
 2540	-284.885394	0.000000
 2541	-284.863819	0.000000
 2542	-284.633199	0.000000
 2543	-284.380717	0.000000
 2544	-284.184198	0.000000
 2545	-284.418100	0.000000
 2546	-284.610526	0.000000
 2547	-284.548967	0.000000
 2548	-284.152326	0.000000
 2549	-283.684669	0.000000
 2550	-283.527647	0.000000
 2551	-284.048351	0.000000
 2552	-284.103885	0.000000
 2553	-284.034202	0.000000
 2554	-284.092034	0.000000
 2555	-284.146171	0.000000
 2556	-283.897768	0.000000
 2557	-283.792138	0.000000
 2558	-284.061936	0.000000
 2559	-284.052197	0.000000
 2560	-283.786494	0.000000
 2561	-283.817832	0.000000
 2562	-283.908989	0.000000
 2563	-284.075620	0.000000
 2564	-283.572734	0.000000
 2565	-283.484451	0.000000
 2566	-283.183030	0.000000
 2567	-283.152584	0.000000
 2568	-282.640331	0.000000
 2569	-282.855904	0.000000
 2570	-283.001385	0.000000
 2571	-282.490838	0.000000
 2572	-282.377801	0.000000
 2573	-282.807564	0.000000
 2574	-283.335270	0.000000
 2575	-283.893081	0.000000
 2576	-283.737115	0.000000
 2577	-283.621399	0.000000
 2578	-284.040721	0.000000
 2579	-283.920682	0.000000
 2580	-284.089747	0.000000
 2581	-284.008312	0.000000
 2582	-284.077241	0.000000
 2583	-284.394445	0.000000
 2584	-284.195168	0.000000
 2585	-284.157316	0.000000
 2586	-283.907912	0.000000
 2587	-283.626507	0.000000
 2588	-283.627952	0.000000
 2589	-284.110059	0.000000
 2590	-284.257612	0.000000
 2591	-284.229393	0.000000
 2592	-284.284340	0.000000
 2593	-284.028837	0.000000
 2594	-284.192966	0.000000
 2595	-284.344889	0.000000
 2596	-284.424613	0.000000
 2597	-284.513114	0.000000
 2598	-284.469688	0.000000
 2599	-284.140966	0.000000
 2600	-284.275202	0.000000
 2601	-284.379558	0.000000
 2602	-284.505474	0.000000
 2603	-284.691672	0.000000
 2604	-284.614234	0.000000
 2605	-284.405905	0.000000
 2606	-284.346344	0.000000
 2607	-284.462834	0.000000
 2608	-284.313159	0.000000
 2609	-284.822696	0.000000
 2610	-284.656998	0.000000
 2611	-284.487408	0.000000
 2612	-284.556903	0.000000
 2613	-284.167626	0.000000
 2614	-284.016935	0.000000
 2615	-283.591940	0.000000
 2616	-283.629458	0.000000
 2617	-283.938147	0.000000
 2618	-284.029451	0.000000
 2619	-284.432240	0.000000
 2620	-284.585207	0.000000
 2621	-284.771784	0.000000
 2622	-284.920991	0.000000
 2623	-284.887550	0.000000
 2624	-284.580249	0.000000
 2625	-284.459530	0.000000
 2626	-284.189323	0.000000
 2627	-284.339400	0.000000
 2628	-284.638035	0.000000
 2629	-284.588587	0.000000
 2630	-284.555635	0.000000
 2631	-284.331977	0.000000
 2632	-284.077999	0.000000
 2633	-283.571140	0.000000
 2634	-283.422031	0.000000
 2635	-283.369146	0.000000
 2636	-283.505393	0.000000
 2637	-283.352119	0.000000
 2638	-283.902553	0.000000
 2639	-284.191923	0.000000
 2640	-283.988249	0.000000
 2641	-284.130487	0.000000
 2642	-284.352224	0.000000
 2643	-284.352300	0.000000
 2644	-284.539717	0.000000
 2645	-284.440266	0.000000
 2646	-284.457806	0.000000
 2647	-284.039848	0.000000
 2648	-284.232896	0.000000
 2649	-284.017398	0.000000
 2650	-283.728955	0.000000
 2651	-283.404060	0.000000
 2652	-283.611536	0.000000
 2653	-283.806123	0.000000
 2654	-283.811523	0.000000
 2655	-284.337721	0.000000
 2656	-284.647069	0.000000
 2657	-284.595513	0.000000
 2658	-284.903066	0.000000
 2659	-284.852884	0.000000
 2660	-284.744362	0.000000
 2661	-284.875300	0.000000
 2662	-284.712634	0.000000
 2663	-284.741632	0.000000
 2664	-284.541502	0.000000
 2665	-284.053939	0.000000
 2666	-283.827924	0.000000
 2667	-284.225795	0.000000
 2668	-284.257161	0.000000
 2669	-284.002817	0.000000
 2670	-283.809195	0.000000
 2671	-283.603238	0.000000
 2672	-283.691030	0.000000
 2673	-283.943739	0.000000
 2674	-283.779483	0.000000
 2675	-283.789016	0.000000
 2676	-284.092236	0.000000
 2677	-284.498299	0.000000
 2678	-284.697303	0.000000
 2679	-284.247121	0.000000
 2680	-284.425247	0.000000
 2681	-284.574149	0.000000
 2682	-283.941525	0.000000
 2683	-283.976169	0.000000
 2684	-284.337088	0.000000
 2685	-284.332620	0.000000
 2686	-284.502007	0.000000
 2687	-284.924483	0.000000
 2688	-284.722271	0.000000
 2689	-284.693455	0.000000
 2690	-284.262243	0.000000
 2691	-283.978721	0.000000
 2692	-284.132782	0.000000
 2693	-284.227673	0.000000
 2694	-284.173224	0.000000
 2695	-284.165826	0.000000
 2696	-284.132698	0.000000
 2697	-283.688553	0.000000
 2698	-283.756753	0.000000
 2699	-283.990419	0.000000
 2700	-284.319915	0.000000
 2701	-284.566907	0.000000
 2702	-284.595013	0.000000
 2703	-284.466137	0.000000
 2704	-284.885622	0.000000
 2705	-285.096027	0.000000
 2706	-284.922899	0.000000
 2707	-284.967132	0.000000
 2708	-284.615895	0.000000
 2709	-284.703709	0.000000
 2710	-284.715978	0.000000
 2711	-284.877001	0.000000
 2712	-284.533924	0.000000
 2713	-284.596033	0.000000
 2714	-284.850784	0.000000
 2715	-284.818660	0.000000
 2716	-284.828747	0.000000
 2717	-284.780321	0.000000
 2718	-284.477977	0.000000
 2719	-284.951008	0.000000
 2720	-284.858633	0.000000
 2721	-284.571964	0.000000
 2722	-284.180553	0.000000
 2723	-284.284717	0.000000
 2724	-284.539758	0.000000
 2725	-284.411184	0.000000
 2726	-284.868339	0.000000
 2727	-285.063895	0.000000
 2728	-284.795999	0.000000
 2729	-284.433116	0.000000
 2730	-284.530152	0.000000
 2731	-284.535532	0.000000
 2732	-284.649861	0.000000
 2733	-284.578158	0.000000
 2734	-284.614577	0.000000
 2735	-284.598808	0.000000
 2736	-284.374127	0.000000
 2737	-284.103790	0.000000
 2738	-284.103160	0.000000
 2739	-284.285462	0.000000
 2740	-284.278671	0.000000
 2741	-284.228309	0.000000
 2742	-284.441254	0.000000
 2743	-284.567429	0.000000
 2744	-284.543488	0.000000
 2745	-284.543602	0.000000
 2746	-284.117926	0.000000
 2747	-284.328658	0.000000
 2748	-284.410465	0.000000
 2749	-284.894937	0.000000
 2750	-285.021210	0.000000
 2751	-284.772270	0.000000
 2752	-284.563967	0.000000
 2753	-284.798687	0.000000
 2754	-284.886979	0.000000
 2755	-285.079300	0.000000
 2756	-284.783470	0.000000
 2757	-284.859930	0.000000
 2758	-284.812008	0.000000
 2759	-284.754078	0.000000
 2760	-284.539015	0.000000
 2761	-284.192450	0.000000
 2762	-284.000292	0.000000
 2763	-284.022565	0.000000
 2764	-284.015687	0.000000
 2765	-283.700441	0.000000
 2766	-283.935900	0.000000
 2767	-283.824111	0.000000
 2768	-284.118020	0.000000
 2769	-284.242556	0.000000
 2770	-283.968525	0.000000
 2771	-283.907884	0.000000
 2772	-284.103958	0.000000
 2773	-284.063853	0.000000
 2774	-283.999798	0.000000
 2775	-283.840183	0.000000
 2776	-283.912927	0.000000
 2777	-283.786366	0.000000
 2778	-283.830642	0.000000
 2779	-284.069489	0.000000
 2780	-284.093561	0.000000
 2781	-283.883611	0.000000
 2782	-283.879842	0.000000
 2783	-283.957840	0.000000
 2784	-284.023199	0.000000
 2785	-283.991567	0.000000
 2786	-283.910541	0.000000
 2787	-283.785787	0.000000
 2788	-283.208175	0.000000
 2789	-283.052342	0.000000
 2790	-282.994193	0.000000
 2791	-282.896211	0.000000
 2792	-283.240567	0.000000
 2793	-283.036839	0.000000
 2794	-283.174383	0.000000
 2795	-283.454407	0.000000
 2796	-283.783071	0.000000
 2797	-283.884683	0.000000
 2798	-283.391074	0.000000
 2799	-283.835300	0.000000
 2800	-284.204958	0.000000
 2801	-284.269534	0.000000
 2802	-284.539343	0.000000
 2803	-284.352336	0.000000
 2804	-284.348378	0.000000
 2805	-284.383196	0.000000
 2806	-284.043114	0.000000
 2807	-284.045649	0.000000
 2808	-284.121405	0.000000
 2809	-284.182937	0.000000
 2810	-284.331349	0.000000
 2811	-284.295610	0.000000
 2812	-284.102617	0.000000
 2813	-284.439133	0.000000
 2814	-284.109558	0.000000
 2815	-284.223115	0.000000
 2816	-284.264761	0.000000
 2817	-284.147549	0.000000
 2818	-283.939818	0.000000
 2819	-283.853661	0.000000
 2820	-283.690377	0.000000
 2821	-283.669836	0.000000
 2822	-283.144886	0.000000
 2823	-283.258230	0.000000
 2824	-283.448967	0.000000
 2825	-283.644016	0.000000
 2826	-283.497972	0.000000
 2827	-283.362682	0.000000
 2828	-283.858010	0.000000
 2829	-283.762934	0.000000
 2830	-283.972868	0.000000
 2831	-283.862083	0.000000
 2832	-283.798392	0.000000
 2833	-283.742654	0.000000
 2834	-284.039855	0.000000
 2835	-284.165495	0.000000
 2836	-284.237431	0.000000
 2837	-284.171378	0.000000
 2838	-284.045297	0.000000
 2839	-284.207885	0.000000
 2840	-284.345943	0.000000
 2841	-284.270141	0.000000
 2842	-284.410538	0.000000
 2843	-284.244518	0.000000
 2844	-284.056990	0.000000
 2845	-283.756406	0.000000
 2846	-283.576266	0.000000
 2847	-284.043626	0.000000
 2848	-284.117528	0.000000
 2849	-284.047729	0.000000
 2850	-283.912291	0.000000
 2851	-284.061702	0.000000
 2852	-284.093849	0.000000
 2853	-284.356613	0.000000
 2854	-284.306353	0.000000
 2855	-284.283752	0.000000
 2856	-284.641180	0.000000
 2857	-284.841233	0.000000
 2858	-284.415106	0.000000
 2859	-284.390407	0.000000
 2860	-284.245761	0.000000
 2861	-284.344661	0.000000
 2862	-284.309805	0.000000
 2863	-283.689711	0.000000
 2864	-283.452474	0.000000
 2865	-283.870913	0.000000
 2866	-284.111160	0.000000
 2867	-283.859197	0.000000
 2868	-284.410652	0.000000
 2869	-284.427426	0.000000
 2870	-284.226668	0.000000
 2871	-284.000175	0.000000
 2872	-284.093425	0.000000
 2873	-284.198520	0.000000
 2874	-284.225326	0.000000
 2875	-284.249368	0.000000
 2876	-284.181023	0.000000
 2877	-284.279722	0.000000
 2878	-284.676088	0.000000
 2879	-284.936466	0.000000
 2880	-284.455647	0.000000
 2881	-284.458249	0.000000
 2882	-284.011288	0.000000
 2883	-283.410603	0.000000
 2884	-283.430079	0.000000
 2885	-283.402195	0.000000
 2886	-283.395242	0.000000
 2887	-283.436686	0.000000
 2888	-283.616855	0.000000
 2889	-284.008117	0.000000
 2890	-284.003955	0.000000
 2891	-284.156765	0.000000
 2892	-284.267659	0.000000
 2893	-283.962676	0.000000
 2894	-283.989948	0.000000
 2895	-284.285280	0.000000
 2896	-284.057895	0.000000
 2897	-283.967422	0.000000
 2898	-284.130059	0.000000
 2899	-284.393193	0.000000
 2900	-284.012304	0.000000
 2901	-283.846831	0.000000
 2902	-283.736787	0.000000
 2903	-283.516219	0.000000
 2904	-283.742355	0.000000
 2905	-284.014878	0.000000
 2906	-283.727766	0.000000
 2907	-283.713754	0.000000
 2908	-283.533190	0.000000
 2909	-283.371273	0.000000
 2910	-283.634704	0.000000
 2911	-283.641356	0.000000
 2912	-283.322409	0.000000
 2913	-283.359163	0.000000
 2914	-283.459739	0.000000
 2915	-283.975795	0.000000
 2916	-284.277110	0.000000
 2917	-284.283999	0.000000
 2918	-283.915578	0.000000
 2919	-284.079535	0.000000
 2920	-284.045939	0.000000
 2921	-284.052817	0.000000
 2922	-284.291875	0.000000
 2923	-284.267132	0.000000
 2924	-284.368034	0.000000
 2925	-284.452443	0.000000
 2926	-284.490497	0.000000
 2927	-284.458642	0.000000
 2928	-284.190101	0.000000
 2929	-283.670964	0.000000
 2930	-283.301116	0.000000
 2931	-283.027880	0.000000
 2932	-282.935891	0.000000
 2933	-282.824536	0.000000
 2934	-282.783418	0.000000
 2935	-282.877554	0.000000
 2936	-282.724100	0.000000
 2937	-282.775486	0.000000
 2938	-283.311387	0.000000
 2939	-283.538542	0.000000
 2940	-283.592462	0.000000
 2941	-283.796825	0.000000
 2942	-283.952124	0.000000
 2943	-284.191163	0.000000
 2944	-284.159704	0.000000
 2945	-284.342434	0.000000
 2946	-284.184796	0.000000
 2947	-283.905876	0.000000
 2948	-284.010769	0.000000
 2949	-283.916714	0.000000
 2950	-283.772718	0.000000
 2951	-283.987609	0.000000
 2952	-283.969849	0.000000
 2953	-284.408948	0.000000
 2954	-284.491438	0.000000
 2955	-284.493080	0.000000
 2956	-284.180502	0.000000
 2957	-283.881438	0.000000
 2958	-283.656053	0.000000
 2959	-283.575451	0.000000
 2960	-283.857809	0.000000
 2961	-283.664653	0.000000
 2962	-283.803238	0.000000
 2963	-283.893111	0.000000
 2964	-283.945279	0.000000
 2965	-283.697710	0.000000
 2966	-283.600760	0.000000
 2967	-283.424518	0.000000
 2968	-283.136044	0.000000
 2969	-283.240712	0.000000
 2970	-283.271267	0.000000
 2971	-283.830970	0.000000
 2972	-283.827729	0.000000
 2973	-283.570579	0.000000
 2974	-283.915388	0.000000
 2975	-284.502596	0.000000
 2976	-284.030256	0.000000
 2977	-284.153111	0.000000
 2978	-284.097416	0.000000
 2979	-284.200920	0.000000
 2980	-284.080862	0.000000
 2981	-283.910197	0.000000
 2982	-283.821375	0.000000
 2983	-283.732034	0.000000
 2984	-283.929140	0.000000
 2985	-283.695430	0.000000
 2986	-283.831947	0.000000
 2987	-283.676459	0.000000
 2988	-283.825421	0.000000
 2989	-284.174485	0.000000
 2990	-284.342496	0.000000
 2991	-284.127225	0.000000
 2992	-284.141260	0.000000
 2993	-284.465012	0.000000
 2994	-284.787867	0.000000
 2995	-284.713132	0.000000
 2996	-284.847727	0.000000
 2997	-284.722520	0.000000
 2998	-284.816460	0.000000
 2999	-284.471956	0.000000
 3000	-284.690117	0.000000
