6.007000	15.011000	
7.009000	2.984000	
15.038000	30.031000	
3.019000	5.963000	
30.009001	9.977000	


6.014000	15.021999	
7.018000	2.968000	
15.076000	30.062000	
3.038000	5.926000	
30.018002	9.954000	


6.021000	15.032999	
7.026999	2.952000	
15.114000	30.093000	
3.057000	5.888999	
30.027002	9.931001	


6.028000	15.043999	
7.035999	2.936000	
15.152000	30.124001	
3.076000	5.851999	
30.036003	9.908001	


6.035000	15.054998	
7.044999	2.920000	
15.190001	30.155001	
3.095000	5.814999	
30.045004	9.885001	


6.042000	15.065998	
7.053999	2.904000	
15.228001	30.186001	
3.114000	5.777999	
30.054005	9.862001	


6.049000	15.076998	
7.062999	2.888000	
15.266001	30.217001	
3.133000	5.740999	
30.063005	9.839002	


6.056000	15.087997	
7.071999	2.872000	
15.304001	30.248001	
3.152000	5.703999	
30.072006	9.816002	


6.063000	15.098997	
7.080998	2.856000	
15.342001	30.279001	
3.171000	5.666998	
30.081007	9.793002	


6.070000	15.109997	
7.089998	2.840000	
15.380001	30.310001	
3.190001	5.629998	
30.090008	9.770002	


6.077000	15.120996	
7.098998	2.824000	
15.418001	30.341002	
3.209001	5.592998	
30.099009	9.747003	


6.084000	15.131996	
7.107998	2.808000	
15.456001	30.372002	
3.228001	5.555998	
30.108009	9.724003	


6.091000	15.142996	
7.116998	2.792000	
15.494001	30.403002	
3.247001	5.518998	
30.117010	9.701003	


6.098000	15.153996	
7.125998	2.776000	
15.532001	30.434002	
3.266001	5.481997	
30.126011	9.678003	


6.105000	15.164995	
7.134997	2.760000	
15.570002	30.465002	
3.285001	5.444997	
30.135012	9.655004	


6.112000	15.175995	
7.143997	2.743999	
15.608002	30.496002	
3.304001	5.407997	
30.144012	9.632004	


6.118999	15.186995	
7.152997	2.727999	
15.646002	30.527002	
3.323001	5.370997	
30.153013	9.609004	


6.125999	15.197994	
7.161997	2.711999	
15.684002	30.558002	
3.342001	5.333997	
30.162014	9.586004	


6.132999	15.208994	
7.170997	2.695999	
15.722002	30.589003	
3.361001	5.296997	
30.171015	9.563004	


6.139999	15.219994	
7.179996	2.679999	
15.760002	30.620003	
3.380001	5.259996	
30.180016	9.540005	


6.146999	15.230993	
7.188996	2.663999	
15.798002	30.651003	
3.399001	5.222996	
30.189016	9.517005	


6.153999	15.241993	
7.197996	2.647999	
15.836002	30.682003	
3.418001	5.185996	
30.198017	9.494005	


6.160999	15.252993	
7.206996	2.631999	
15.874002	30.713003	
3.437001	5.148996	
30.207018	9.471005	


6.167999	15.263992	
7.215996	2.615999	
15.912003	30.744003	
3.456001	5.111996	
30.216019	9.448006	


6.174999	15.274992	
7.224996	2.599999	
15.950003	30.775003	
3.475001	5.074996	
30.225019	9.425006	


6.181999	15.285992	
7.233995	2.583999	
15.988003	30.806004	
3.494001	5.037995	
30.234020	9.402006	


6.188999	15.296991	
7.242995	2.567999	
16.026003	30.837004	
3.513001	5.000995	
30.243021	9.379006	


6.195999	15.307991	
7.251995	2.551999	
16.064003	30.868004	
3.532001	4.963995	
30.252022	9.356007	


6.202999	15.318991	
7.260995	2.535999	
16.102003	30.899004	
3.551002	4.926995	
30.261023	9.333007	


6.209999	15.329990	
7.269995	2.519999	
16.140003	30.930004	
3.570002	4.889995	
30.270023	9.310007	


6.216999	15.340990	
7.278995	2.503999	
16.178003	30.961004	
3.589002	4.852994	
30.279024	9.287007	


6.223999	15.351990	
7.287994	2.487999	
16.216003	30.992004	
3.608002	4.815994	
30.288025	9.264008	


6.230999	15.362989	
7.296994	2.471999	
16.254004	31.023005	
3.627002	4.778994	
30.297026	9.241008	


6.237999	15.373989	
7.305994	2.455999	
16.292004	31.054005	
3.646002	4.741994	
30.306026	9.218008	


6.244999	15.384989	
7.314994	2.439999	
16.330004	31.085005	
3.665002	4.704994	
30.315027	9.195008	


6.251999	15.395988	
7.323994	2.423999	
16.368004	31.116005	
3.684002	4.667994	
30.324028	9.172009	


6.258999	15.406988	
7.332994	2.407999	
16.406004	31.147005	
3.703002	4.630993	
30.333029	9.149009	


6.265999	15.417988	
7.341993	2.391999	
16.444004	31.178005	
3.722002	4.593993	
30.342030	9.126009	


6.272999	15.428988	
7.350993	2.375999	
16.482004	31.209005	
3.741002	4.556993	
30.351030	9.103009	


6.279999	15.439987	
7.359993	2.359999	
16.520004	31.240005	
3.760002	4.519993	
30.360031	9.080009	


6.286999	15.450987	
7.368993	2.343999	
16.558004	31.271006	
3.779002	4.482993	
30.369032	9.057010	


6.293999	15.461987	
7.377993	2.327999	
16.596004	31.302006	
3.798002	4.445992	
30.378033	9.034010	


6.300999	15.472986	
7.386992	2.311999	
16.634005	31.333006	
3.817002	4.408992	
30.387033	9.011010	


6.307999	15.483986	
7.395992	2.295999	
16.672005	31.364006	
3.836002	4.371992	
30.396034	8.988010	


6.314999	15.494986	
7.404992	2.279999	
16.710005	31.395006	
3.855002	4.334992	
30.405035	8.965011	


6.321999	15.505985	
7.413992	2.263999	
16.748005	31.426006	
3.874002	4.297992	
30.414036	8.942011	


6.328999	15.516985	
7.422992	2.247998	
16.786005	31.457006	
3.893003	4.260992	
30.423037	8.919011	


6.335999	15.527985	
7.431992	2.231998	
16.824005	31.488007	
3.912003	4.223991	
30.432037	8.896011	


6.342999	15.538984	
7.440991	2.215998	
16.862005	31.519007	
3.931003	4.186991	
30.441038	8.873012	


6.349998	15.549984	
7.449991	2.199998	
16.900005	31.550007	
3.950003	4.149991	
30.450039	8.850012	


6.356998	15.560984	
7.458991	2.183998	
16.938005	31.581007	
3.969003	4.112991	
30.459040	8.827012	


6.363998	15.571983	
7.467991	2.167998	
16.976006	31.612007	
3.988003	4.075991	
30.468040	8.804012	


6.370998	15.582983	
7.476991	2.151998	
17.014006	31.643007	
4.007003	4.038990	
30.477041	8.781013	


6.377998	15.593983	
7.485991	2.135998	
17.052006	31.674007	
4.026003	4.001990	
30.486042	8.758013	


6.384998	15.604982	
7.494990	2.119998	
17.090006	31.705008	
4.045003	3.964990	
30.495043	8.735013	


6.391998	15.615982	
7.503990	2.103998	
17.128006	31.736008	
4.064003	3.927990	
30.504044	8.712013	


6.398998	15.626982	
7.512990	2.087998	
17.166006	31.767008	
4.083003	3.890990	
30.513044	8.689013	


6.405998	15.637981	
7.521990	2.071998	
17.204006	31.798008	
4.102003	3.853991	
30.522045	8.666014	


6.412998	15.648981	
7.530990	2.055998	
17.242006	31.829008	
4.121003	3.816991	
30.531046	8.643014	


6.419998	15.659981	
7.539989	2.039998	
17.280006	31.860008	
4.140003	3.779991	
30.540047	8.620014	


6.426998	15.670980	
7.548989	2.023998	
17.318007	31.891008	
4.159003	3.742991	
30.549047	8.597014	


6.433998	15.681980	
7.557989	2.007998	
17.356007	31.922009	
4.178003	3.705991	
30.558048	8.574015	


6.440998	15.692980	
7.566989	1.991998	
17.394007	31.953009	
4.197003	3.668991	
30.567049	8.551015	


6.447998	15.703979	
7.575989	1.975998	
17.432007	31.984009	
4.216003	3.631991	
30.576050	8.528015	


6.454998	15.714979	
7.584989	1.959998	
17.470007	32.015007	
4.235003	3.594991	
30.585051	8.505015	


6.461998	15.725979	
7.593988	1.943998	
17.508007	32.046005	
4.254004	3.557991	
30.594051	8.482016	


6.468998	15.736979	
7.602988	1.927998	
17.546007	32.077003	
4.273004	3.520991	
30.603052	8.459016	


6.475998	15.747978	
7.611988	1.911998	
17.584007	32.108002	
4.292004	3.483991	
30.612053	8.436016	


6.482998	15.758978	
7.620988	1.895998	
17.622007	32.139000	
4.311004	3.446991	
30.621054	8.413016	


6.489998	15.769978	
7.629988	1.879998	
17.660007	32.169998	
4.330004	3.409991	
30.630054	8.390017	


6.496998	15.780977	
7.638988	1.863998	
17.698008	32.200996	
4.349004	3.372991	
30.639055	8.367017	


6.503998	15.791977	
7.647988	1.847998	
17.736008	32.231995	
4.368004	3.335991	
30.648056	8.344017	


6.510998	15.802977	
7.656988	1.831998	
17.774008	32.262993	
4.387004	3.298991	
30.657057	8.321017	


6.517998	15.813976	
7.665988	1.815998	
17.812008	32.293991	
4.406004	3.261992	
30.666058	8.298018	


6.524998	15.824976	
7.674989	1.799998	
17.850008	32.324989	
4.425004	3.224992	
30.675058	8.275018	


6.531998	15.835976	
7.683989	1.783998	
17.888008	32.355988	
4.444004	3.187992	
30.684059	8.252018	


6.538998	15.846975	
7.692989	1.767998	
17.926008	32.386986	
4.463004	3.150992	
30.693060	8.229018	


6.545998	15.857975	
7.701990	1.751997	
17.964008	32.417984	
4.482004	3.113992	
30.702061	8.206018	


6.552998	15.868975	
7.710990	1.735997	
18.002008	32.448982	
4.501004	3.076992	
30.711061	8.183019	


6.559998	15.879974	
7.719990	1.719997	
18.040009	32.479980	
4.520004	3.039992	
30.720062	8.160019	


6.566998	15.890974	
7.728991	1.703997	
18.078009	32.510979	
4.539004	3.002992	
30.729063	8.137019	


6.573997	15.901974	
7.737991	1.687997	
18.116009	32.541977	
4.558004	2.965992	
30.738064	8.114019	


6.580997	15.912973	
7.746991	1.671997	
18.154009	32.572975	
4.577004	2.928992	
30.747065	8.091020	


6.587997	15.923973	
7.755991	1.655997	
18.192009	32.603973	
4.596004	2.891992	
30.756065	8.068020	


6.594997	15.934973	
7.764992	1.639997	
18.230009	32.634972	
4.615005	2.854992	
30.765066	8.045020	


6.601997	15.945972	
7.773992	1.623997	
18.268009	32.665970	
4.634005	2.817992	
30.774067	8.022020	


6.608997	15.956972	
7.782992	1.607997	
18.306009	32.696968	
4.653005	2.780992	
30.783068	7.999021	


6.615997	15.967972	
7.791993	1.591997	
18.344009	32.727966	
4.672005	2.743992	
30.792068	7.976021	


6.622997	15.978971	
7.800993	1.575997	
18.382010	32.758965	
4.691005	2.706992	
30.801069	7.953021	


6.629997	15.989971	
7.809993	1.559997	
18.420010	32.789963	
4.710005	2.669992	
30.810070	7.930021	


6.636997	16.000971	
7.818994	1.543997	
18.458010	32.820961	
4.729005	2.632993	
30.819071	7.907022	


6.643997	16.011971	
7.827994	1.527997	
18.496010	32.851959	
4.748005	2.595993	
30.828072	7.884022	


6.650997	16.022970	
7.836994	1.511997	
18.534010	32.882957	
4.767005	2.558993	
30.837072	7.861022	


6.657997	16.033970	
7.845994	1.495997	
18.572010	32.913956	
4.786005	2.521993	
30.846073	7.838022	


6.664997	16.044970	
7.854995	1.479997	
18.610010	32.944954	
4.805005	2.484993	
30.855074	7.815022	


6.671997	16.055969	
7.863995	1.463997	
18.648010	32.975952	
4.824005	2.447993	
30.864075	7.792023	


6.678997	16.066969	
7.872995	1.447997	
18.686010	33.006950	
4.843005	2.410993	
30.873075	7.769023	


6.685997	16.077969	
7.881996	1.431997	
18.724010	33.037949	
4.862005	2.373993	
30.882076	7.746023	


6.692997	16.088968	
7.890996	1.415997	
18.762011	33.068947	
4.881005	2.336993	
30.891077	7.723023	


6.699997	16.099968	
7.899996	1.399997	
18.800011	33.099945	
4.900005	2.299993	
30.900078	7.700024	


6.706997	16.110968	
7.908997	1.383997	
18.838011	33.130943	
4.919005	2.262993	
30.909079	7.677024	


6.713997	16.121967	
7.917997	1.367997	
18.876011	33.161942	
4.938004	2.225993	
30.918079	7.654024	


6.720997	16.132967	
7.926997	1.351997	
18.914011	33.192940	
4.957004	2.188993	
30.927080	7.631024	


6.727997	16.143967	
7.935997	1.335997	
18.952011	33.223938	
4.976004	2.151993	
30.936081	7.608025	


6.734997	16.154966	
7.944998	1.319997	
18.990011	33.254936	
4.995003	2.114993	
30.945082	7.585025	


6.741997	16.165966	
7.953998	1.303997	
19.028011	33.285934	
5.014003	2.077993	
30.954082	7.562025	


6.748997	16.176966	
7.962998	1.287997	
19.066011	33.316933	
5.033002	2.040993	
30.963083	7.539025	


6.755997	16.187965	
7.971999	1.271996	
19.104012	33.347931	
5.052002	2.003994	
30.972084	7.516026	


6.762997	16.198965	
7.980999	1.255996	
19.142012	33.378929	
5.071002	1.966994	
30.981085	7.493026	


6.769997	16.209965	
7.989999	1.239996	
19.180012	33.409927	
5.090001	1.929994	
30.990086	7.470026	


6.776997	16.220964	
7.999000	1.223996	
19.218012	33.440926	
5.109001	1.892994	
30.999086	7.447026	


6.783997	16.231964	
8.008000	1.207996	
19.256012	33.471924	
5.128000	1.855994	
31.008087	7.424026	


6.790997	16.242964	
8.017001	1.191996	
19.294012	33.502922	
5.147000	1.818994	
31.017088	7.401027	


6.797997	16.253963	
8.026002	1.175996	
19.332012	33.533920	
5.165999	1.781994	
31.026089	7.378027	


6.804996	16.264963	
8.035003	1.159996	
19.370012	33.564919	
5.184999	1.744994	
31.035089	7.355027	


6.811996	16.275963	
8.044003	1.143996	
19.408012	33.595917	
5.203999	1.707994	
31.044090	7.332027	


6.818996	16.286963	
8.053004	1.127995	
19.446012	33.626915	
5.222998	1.670994	
31.053091	7.309028	


6.825996	16.297962	
8.062005	1.111995	
19.484013	33.657913	
5.241998	1.633994	
31.062092	7.286028	


6.832996	16.308962	
8.071006	1.095995	
19.522013	33.688911	
5.260997	1.596994	
31.071093	7.263028	


6.839996	16.319962	
8.080007	1.079995	
19.560013	33.719910	
5.279997	1.559994	
31.080093	7.240028	


6.846996	16.330961	
8.089007	1.063995	
19.598013	33.750908	
5.298996	1.522994	
31.089094	7.217029	


6.853996	16.341961	
8.098008	1.047995	
19.636013	33.781906	
5.317996	1.485994	
31.098095	7.194029	


6.860996	16.352961	
8.107009	1.031995	
19.674013	33.812904	
5.336996	1.448994	
31.107096	7.171029	


6.867996	16.363960	
8.116010	1.015994	
19.712013	33.843903	
5.355995	1.411994	
31.116096	7.148029	


6.874996	16.374960	
8.125010	0.999994	
19.750013	33.874901	
5.374995	1.374995	
31.125097	7.125030	


6.881996	16.385960	
8.134011	0.983994	
19.788013	33.905899	
5.393994	1.337995	
31.134098	7.102030	


6.888996	16.396959	
8.143012	0.967994	
19.826014	33.936897	
5.412994	1.300995	
31.143099	7.079030	


6.895996	16.407959	
8.152013	0.951994	
19.864014	33.967896	
5.431993	1.263995	
31.152100	7.056030	


6.902996	16.418959	
8.161014	0.935994	
19.902014	33.998894	
5.450993	1.226995	
31.161100	7.033031	


6.909996	16.429958	
8.170014	0.919994	
19.940014	34.029892	
5.469993	1.189996	
31.170101	7.010031	


6.916996	16.440958	
8.179015	0.903993	
19.978014	34.060890	
5.488992	1.152996	
31.179102	6.987031	


6.923996	16.451958	
8.188016	0.887993	
20.016014	34.091888	
5.507992	1.115996	
31.188103	6.964031	


6.930996	16.462957	
8.197017	0.871993	
20.054014	34.122887	
5.526991	1.078996	
31.197104	6.941031	


6.937996	16.473957	
8.206017	0.855993	
20.092014	34.153885	
5.545991	1.041996	
31.206104	6.918032	


6.944996	16.484957	
8.215018	0.839993	
20.130014	34.184883	
5.564990	1.004996	
31.215105	6.895032	


6.951996	16.495956	
8.224019	0.823993	
20.168015	34.215881	
5.583989	0.967997	
31.224106	6.872032	


6.958996	16.506956	
8.233020	0.807993	
20.206015	34.246880	
5.602988	0.930997	
31.233107	6.849032	


6.965996	16.517956	
8.242021	0.791992	
20.244015	34.277878	
5.621987	0.893997	
31.242107	6.826033	


6.972996	16.528955	
8.251021	0.775992	
20.282015	34.308876	
5.640986	0.856997	
31.251108	6.803033	


6.979996	16.539955	
8.260022	0.759992	
20.320015	34.339874	
5.659986	0.819997	
31.260109	6.780033	


6.986996	16.550955	
8.269023	0.743992	
20.358015	34.370872	
5.678985	0.782997	
31.269110	6.757033	


6.993996	16.561954	
8.278024	0.727992	
20.396015	34.401871	
5.697984	0.745998	
31.278111	6.734034	


7.000996	16.572954	
8.287024	0.711992	
20.434015	34.432869	
5.716983	0.708998	
31.287111	6.711034	


7.007996	16.583954	
8.296025	0.695992	
20.472015	34.463867	
5.735982	0.671998	
31.296112	6.688034	


7.014996	16.594954	
8.305026	0.679991	
20.510015	34.494865	
5.754981	0.634998	
31.305113	6.665034	


7.021996	16.605953	
8.314027	0.663991	
20.548016	34.525864	
5.773980	0.597998	
31.314114	6.642035	


7.028996	16.616953	
8.323028	0.647991	
20.586016	34.556862	
5.792979	0.560999	
31.323114	6.619035	


7.035995	16.627953	
8.332028	0.631991	
20.624016	34.587860	
5.811978	0.523999	
31.332115	6.596035	


7.042995	16.638952	
8.341029	0.615991	
20.662016	34.618858	
5.830977	0.486999	
31.341116	6.573035	


7.049995	16.649952	
8.350030	0.599991	
20.700016	34.649857	
5.849977	0.449999	
31.350117	6.550035	


7.056995	16.660952	
8.359031	0.583990	
20.738016	34.680855	
5.868975	0.412999	
31.359118	6.527036	


7.063995	16.671951	
8.368032	0.567990	
20.776016	34.711853	
5.887974	0.375999	
31.368118	6.504036	


7.070995	16.682951	
8.377033	0.551990	
20.814016	34.742851	
5.906972	0.339000	
31.377119	6.481036	


7.077995	16.693951	
8.386035	0.535990	
20.852016	34.773849	
5.925971	0.302000	
31.386120	6.458036	


7.084995	16.704950	
8.395037	0.519990	
20.890017	34.804848	
5.944970	0.265000	
31.395121	6.435037	


7.091995	16.715950	
8.404038	0.503990	
20.928017	34.835846	
5.963968	0.228000	
31.404121	6.412037	


7.098995	16.726950	
8.413040	0.487990	
20.966017	34.866844	
5.982967	0.191000	
31.413122	6.389037	


7.105995	16.737949	
8.422042	0.471989	
21.004017	34.897842	
6.001966	0.154000	
31.422123	6.366037	


7.112995	16.748949	
8.431044	0.455989	
21.042017	34.928841	
6.020964	0.117000	
31.431124	6.343038	


7.119995	16.759949	
8.440045	0.439989	
21.080017	34.959839	
6.039963	0.080001	
31.440125	6.320038	


7.126995	16.770948	
8.449047	0.423989	
21.118017	34.990837	
6.058961	0.043001	
31.449125	6.297038	


7.133995	16.781948	
8.458049	0.407989	
21.156017	35.021835	
6.077960	0.006001	
31.458126	6.274038	


7.140995	16.792948	
8.467051	0.391989	
21.194017	35.052834	
6.096958	50.000000	
31.467127	6.251039	


7.147995	16.803947	
8.476052	0.375989	
21.232018	35.083832	
6.115956	49.963001	
31.476128	6.228039	


7.154995	16.814947	
8.485054	0.359989	
21.270018	35.114830	
6.134954	49.926003	
31.485128	6.205039	


7.161995	16.825947	
8.494056	0.343989	
21.308018	35.145828	
6.153952	49.889004	
31.494129	6.182039	


7.168995	16.836946	
8.503057	0.327989	
21.346018	35.176826	
6.172950	49.852005	
31.503130	6.159039	


7.175995	16.847946	
8.512059	0.311989	
21.384018	35.207825	
6.191948	49.815006	
31.512131	6.136040	


7.182995	16.858946	
8.521061	0.295988	
21.422018	35.238823	
6.210947	49.778008	
31.521132	6.113040	


7.189995	16.869946	
8.530063	0.279988	
21.460018	35.269821	
6.229945	49.741009	
31.530132	6.090040	


7.196995	16.880945	
8.539064	0.263988	
21.498018	35.300819	
6.248943	49.704010	
31.539133	6.067040	


7.203995	16.891945	
8.548066	0.247988	
21.536018	35.331818	
6.267941	49.667011	
31.548134	6.044041	


7.210995	16.902945	
8.557068	0.231988	
21.574018	35.362816	
6.286939	49.630013	
31.557135	6.021041	


7.217995	16.913944	
8.566070	0.215988	
21.612019	35.393814	
6.305937	49.593014	
31.566135	5.998041	


7.224995	16.924944	
8.575071	0.199988	
21.650019	35.424812	
6.324935	49.556015	
31.575136	5.975041	


7.231995	16.935944	
8.584073	0.183988	
21.688019	35.455811	
6.343934	49.519016	
31.584137	5.952042	


7.238995	16.946943	
8.593075	0.167988	
21.726019	35.486809	
6.362932	49.482018	
31.593138	5.929042	


7.245995	16.957943	
8.602077	0.151988	
21.764019	35.517807	
6.381930	49.445019	
31.602139	5.906042	


7.252995	16.968943	
8.611078	0.135988	
21.802019	35.548805	
6.400928	49.408020	
31.611139	5.883042	


7.259995	16.979942	
8.620080	0.119988	
21.840019	35.579803	
6.419926	49.371021	
31.620140	5.860043	


7.266994	16.990942	
8.629082	0.103987	
21.878019	35.610802	
6.438924	49.334023	
31.629141	5.837043	


7.273994	17.001942	
8.638083	0.087987	
21.916019	35.641800	
6.457922	49.297024	
31.638142	5.814043	


7.280994	17.012941	
8.647085	0.071987	
21.954020	35.672798	
6.476921	49.260025	
31.647142	5.791043	


7.287994	17.023941	
8.656087	0.055987	
21.992020	35.703796	
6.495919	49.223026	
31.656143	5.768044	


7.294994	17.034941	
8.665089	0.039987	
22.030020	35.734795	
6.514917	49.186028	
31.665144	5.745044	


7.301994	17.045940	
8.674090	0.023987	
22.068020	35.765793	
6.533915	49.149029	
31.674145	5.722044	


7.308994	17.056940	
8.683092	0.007987	
22.106020	35.796791	
6.552913	49.112030	
31.683146	5.699044	


7.315994	17.067940	
8.692094	50.000000	
22.144020	35.827789	
6.571911	49.075031	
31.692146	5.676044	


7.322994	17.078939	
8.701096	49.984001	
22.182020	35.858788	
6.590909	49.038033	
31.701147	5.653045	


7.329994	17.089939	
8.710097	49.968002	
22.220020	35.889786	
6.609908	49.001034	
31.710148	5.630045	


7.336994	17.100939	
8.719099	49.952003	
22.258020	35.920784	
6.628906	48.964035	
31.719149	5.607045	


7.343994	17.111938	
8.728101	49.936005	
22.296021	35.951782	
6.647904	48.927036	
31.728149	5.584045	


7.350994	17.122938	
8.737103	49.920006	
22.334021	35.982780	
6.666902	48.890038	
31.737150	5.561046	


7.357994	17.133938	
8.746104	49.904007	
22.372021	36.013779	
6.685900	48.853039	
31.746151	5.538046	


7.364994	17.144938	
8.755106	49.888008	
22.410021	36.044777	
6.704898	48.816040	
31.755152	5.515046	


7.371994	17.155937	
8.764108	49.872009	
22.448021	36.075775	
6.723896	48.779041	
31.764153	5.492046	


7.378994	17.166937	
8.773110	49.856010	
22.486021	36.106773	
6.742893	48.742043	
31.773153	5.469047	


7.385994	17.177937	
8.782113	49.840012	
22.524021	36.137772	
6.761891	48.705044	
31.782154	5.446047	


7.392994	17.188936	
8.791116	49.824013	
22.562021	36.168770	
6.780889	48.668045	
31.791155	5.423047	


7.399994	17.199936	
8.800118	49.808014	
22.600021	36.199768	
6.799886	48.631046	
31.800156	5.400047	


7.406994	17.210936	
8.809121	49.792015	
22.638021	36.230766	
6.818884	48.594048	
31.809156	5.377048	


7.413994	17.221935	
8.818124	49.776016	
22.676022	36.261765	
6.837882	48.557049	
31.818157	5.354048	


7.420994	17.232935	
8.827127	49.760017	
22.714022	36.292763	
6.856879	48.520050	
31.827158	5.331048	


7.427994	17.243935	
8.836129	49.744019	
22.752022	36.323761	
6.875876	48.483051	
31.836159	5.308048	


7.434994	17.254934	
8.845132	49.728020	
22.790022	36.354759	
6.894873	48.446053	
31.845160	5.285048	


7.441994	17.265934	
8.854135	49.712021	
22.828022	36.385757	
6.913870	48.409054	
31.854160	5.262049	


7.448994	17.276934	
8.863137	49.696022	
22.866022	36.416756	
6.932868	48.372055	
31.863161	5.239049	


7.455994	17.287933	
8.872140	49.680023	
22.904022	36.447754	
6.951865	48.335056	
31.872162	5.216049	


7.462994	17.298933	
8.881143	49.664024	
22.942022	36.478752	
6.970862	48.298058	
31.881163	5.193049	


7.469994	17.309933	
8.890145	49.648026	
22.980022	36.509750	
6.989859	48.261059	
31.890163	5.170050	


7.476994	17.320932	
8.899148	49.632027	
23.018023	36.540749	
7.008856	48.224060	
31.899164	5.147050	


7.483994	17.331932	
8.908151	49.616028	
23.056023	36.571747	
7.027853	48.187057	
31.908165	5.124050	


7.490993	17.342932	
8.917153	49.600029	
23.094023	36.602745	
7.046850	48.150055	
31.917166	5.101050	


7.497993	17.353931	
8.926156	49.584030	
23.132023	36.633743	
7.065846	48.113052	
31.926167	5.078051	


7.504993	17.364931	
8.935160	49.568031	
23.170023	36.664742	
7.084843	48.076050	
31.935167	5.055051	


7.511993	17.375931	
8.944163	49.552032	
23.208023	36.695740	
7.103840	48.039047	
31.944168	5.032051	


7.518993	17.386930	
8.953167	49.536034	
23.246023	36.726738	
7.122837	48.002045	
31.953169	5.009051	


7.525993	17.397930	
8.962171	49.520035	
23.284023	36.757736	
7.141833	47.965042	
31.962170	4.986052	


7.532993	17.408930	
8.971174	49.504036	
23.322023	36.788734	
7.160830	47.928040	
31.971170	4.963052	


7.539993	17.419930	
8.980178	49.488037	
23.360023	36.819733	
7.179827	47.891037	
31.980171	4.940052	


7.546993	17.430929	
8.989182	49.472038	
23.398024	36.850731	
7.198823	47.854034	
31.989172	4.917052	


7.553993	17.441929	
8.998185	49.456039	
23.436024	36.881729	
7.217820	47.817032	
31.998173	4.894053	


7.560993	17.452929	
9.007189	49.440041	
23.474024	36.912727	
7.236816	47.780029	
32.007172	4.871053	


7.567993	17.463928	
9.016192	49.424042	
23.512024	36.943726	
7.255813	47.743027	
32.016171	4.848053	


7.574993	17.474928	
9.025196	49.408043	
23.550024	36.974724	
7.274809	47.706024	
32.025169	4.825053	


7.581993	17.485928	
9.034200	49.392044	
23.588024	37.005722	
7.293805	47.669022	
32.034168	4.802053	


7.588993	17.496927	
9.043203	49.376045	
23.626024	37.036720	
7.312801	47.632019	
32.043167	4.779054	


7.595993	17.507927	
9.052207	49.360046	
23.664024	37.067719	
7.331798	47.595016	
32.052166	4.756054	


7.602993	17.518927	
9.061211	49.344048	
23.702024	37.098717	
7.350794	47.558014	
32.061165	4.733054	


7.609993	17.529926	
9.070214	49.328049	
23.740025	37.129715	
7.369790	47.521011	
32.070164	4.710054	


7.616993	17.540926	
9.079218	49.312050	
23.778025	37.160713	
7.388786	47.484009	
32.079163	4.687055	


7.623993	17.551926	
9.088222	49.296051	
23.816025	37.191711	
7.407783	47.447006	
32.088161	4.664055	


7.630993	17.562925	
9.097225	49.280052	
23.854025	37.222710	
7.426779	47.410004	
32.097160	4.641055	


7.637993	17.573925	
9.106229	49.264053	
23.892025	37.253708	
7.445775	47.373001	
32.106159	4.618055	


7.644993	17.584925	
9.115232	49.248055	
23.930025	37.284706	
7.464771	47.335999	
32.115158	4.595056	


7.651993	17.595924	
9.124236	49.232056	
23.968025	37.315704	
7.483768	47.298996	
32.124157	4.572056	


7.658993	17.606924	
9.133240	49.216057	
24.006025	37.346703	
7.502764	47.261993	
32.133156	4.549056	


7.665993	17.617924	
9.142243	49.200058	
24.044025	37.377701	
7.521760	47.224991	
32.142155	4.526056	


7.672993	17.628923	
9.151247	49.184059	
24.082026	37.408699	
7.540756	47.187988	
32.151154	4.503057	


7.679993	17.639923	
9.160251	49.168060	
24.120026	37.439697	
7.559752	47.150986	
32.160152	4.480057	


7.686993	17.650923	
9.169254	49.152061	
24.158026	37.470695	
7.578747	47.113983	
32.169151	4.457057	


7.693993	17.661922	
9.178258	49.136063	
24.196026	37.501694	
7.597743	47.076981	
32.178150	4.434057	


7.700993	17.672922	
9.187262	49.120064	
24.234026	37.532692	
7.616739	47.039978	
32.187149	4.411057	


7.707993	17.683922	
9.196265	49.104065	
24.272026	37.563690	
7.635735	47.002975	
32.196148	4.388058	


7.714993	17.694921	
9.205269	49.088066	
24.310026	37.594688	
7.654730	46.965973	
32.205147	4.365058	


7.721992	17.705921	
9.214272	49.072067	
24.348026	37.625687	
7.673726	46.928970	
32.214146	4.342058	


7.728992	17.716921	
9.223277	49.056068	
24.386026	37.656685	
7.692722	46.891968	
32.223145	4.319058	


7.735992	17.727921	
9.232282	49.040070	
24.424026	37.687683	
7.711718	46.854965	
32.232143	4.296059	


7.742992	17.738920	
9.241286	49.024071	
24.462027	37.718681	
7.730713	46.817963	
32.241142	4.273059	


7.749992	17.749920	
9.250291	49.008072	
24.500027	37.749680	
7.749709	46.780960	
32.250141	4.250059	


7.756992	17.760920	
9.259295	48.992073	
24.538027	37.780678	
7.768705	46.743958	
32.259140	4.227059	


7.763992	17.771919	
9.268300	48.976074	
24.576027	37.811676	
7.787701	46.706955	
32.268139	4.204060	


7.770992	17.782919	
9.277305	48.960075	
24.614027	37.842674	
7.806696	46.669952	
32.277138	4.181060	


7.777992	17.793919	
9.286309	48.944077	
24.652027	37.873672	
7.825692	46.632950	
32.286137	4.158060	


7.784992	17.804918	
9.295314	48.928078	
24.690027	37.904671	
7.844688	46.595947	
32.295135	4.135060	


7.791992	17.815918	
9.304318	48.912079	
24.728027	37.935669	
7.863684	46.558945	
32.304134	4.112061	


7.798992	17.826918	
9.313323	48.896080	
24.766027	37.966667	
7.882679	46.521942	
32.313133	4.089061	


7.805992	17.837917	
9.322328	48.880081	
24.804028	37.997665	
7.901675	46.484940	
32.322132	4.066061	


7.812992	17.848917	
9.331332	48.864082	
24.842028	38.028664	
7.920671	46.447937	
32.331131	4.043061	


7.819992	17.859917	
9.340337	48.848083	
24.880028	38.059662	
7.939667	46.410934	
32.340130	4.020061	


7.826992	17.870916	
9.349341	48.832085	
24.918028	38.090660	
7.958663	46.373932	
32.349129	3.997061	


7.833992	17.881916	
9.358346	48.816086	
24.956028	38.121658	
7.977658	46.336929	
32.358128	3.974061	


7.840992	17.892916	
9.367351	48.800087	
24.994028	38.152657	
7.996654	46.299927	
32.367126	3.951061	


7.847992	17.903915	
9.376355	48.784088	
25.032028	38.183655	
8.015650	46.262924	
32.376125	3.928061	


7.854992	17.914915	
9.385360	48.768089	
25.070028	38.214653	
8.034645	46.225922	
32.385124	3.905061	


7.861992	17.925915	
9.394364	48.752090	
25.108028	38.245651	
8.053640	46.188919	
32.394123	3.882061	


7.868992	17.936914	
9.403369	48.736092	
25.146029	38.276649	
8.072636	46.151917	
32.403122	3.859061	


7.875992	17.947914	
9.412374	48.720093	
25.184029	38.307648	
8.091631	46.114914	
32.412121	3.836061	


7.882992	17.958914	
9.421378	48.704094	
25.222029	38.338646	
8.110626	46.077911	
32.421120	3.813061	


7.889992	17.969913	
9.430383	48.688095	
25.260029	38.369644	
8.129622	46.040909	
32.430119	3.790061	


7.896992	17.980913	
9.439387	48.672096	
25.298029	38.400642	
8.148617	46.003906	
32.439117	3.767061	


7.903992	17.991913	
9.448392	48.656097	
25.336029	38.431641	
8.167612	45.966904	
32.448116	3.744061	


7.910992	18.002913	
9.457397	48.640099	
25.374029	38.462639	
8.186607	45.929901	
32.457115	3.721061	


7.917992	18.013912	
9.466401	48.624100	
25.412029	38.493637	
8.205603	45.892899	
32.466114	3.698061	


7.924992	18.024912	
9.475406	48.608101	
25.450029	38.524635	
8.224598	45.855896	
32.475113	3.675061	


7.931992	18.035912	
9.484410	48.592102	
25.488029	38.555634	
8.243593	45.818893	
32.484112	3.652061	


7.938992	18.046911	
9.493415	48.576103	
25.526030	38.586632	
8.262589	45.781891	
32.493111	3.629061	


7.945992	18.057911	
9.502419	48.560104	
25.564030	38.617630	
8.281584	45.744888	
32.502110	3.606061	


7.952991	18.068911	
9.511424	48.544106	
25.602030	38.648628	
8.300579	45.707886	
32.511108	3.583061	


7.959991	18.079910	
9.520429	48.528107	
25.640030	38.679626	
8.319574	45.670883	
32.520107	3.560061	


7.966991	18.090910	
9.529433	48.512108	
25.678030	38.710625	
8.338570	45.633881	
32.529106	3.537061	


7.973991	18.101910	
9.538438	48.496109	
25.716030	38.741623	
8.357565	45.596878	
32.538105	3.514061	


7.980991	18.112909	
9.547442	48.480110	
25.754030	38.772621	
8.376560	45.559875	
32.547104	3.491061	


7.987991	18.123909	
9.556447	48.464111	
25.792030	38.803619	
8.395555	45.522873	
32.556103	3.468061	


7.994991	18.134909	
9.565452	48.448112	
25.830030	38.834618	
8.414551	45.485870	
32.565102	3.445061	


8.001991	18.145908	
9.574456	48.432114	
25.868031	38.865616	
8.433546	45.448868	
32.574100	3.422061	


8.008991	18.156908	
9.583461	48.416115	
25.906031	38.896614	
8.452541	45.411865	
32.583099	3.399061	


8.015991	18.167908	
9.592465	48.400116	
25.944031	38.927612	
8.471537	45.374863	
32.592098	3.376061	


8.022991	18.178907	
9.601470	48.384117	
25.982031	38.958611	
8.490532	45.337860	
32.601097	3.353061	


8.029991	18.189907	
9.610475	48.368118	
26.020031	38.989609	
8.509527	45.300858	
32.610096	3.330061	


8.036991	18.200907	
9.619479	48.352119	
26.058031	39.020607	
8.528522	45.263855	
32.619095	3.307061	


8.043991	18.211906	
9.628484	48.336121	
26.096031	39.051605	
8.547518	45.226852	
32.628094	3.284061	


8.050991	18.222906	
9.637488	48.320122	
26.134031	39.082603	
8.566513	45.189850	
32.637093	3.261061	


8.057991	18.233906	
9.646493	48.304123	
26.172031	39.113602	
8.585508	45.152847	
32.646091	3.238061	


8.064991	18.244905	
9.655498	48.288124	
26.210032	39.144600	
8.604504	45.115845	
32.655090	3.215061	


8.071991	18.255905	
9.664502	48.272125	
26.248032	39.175598	
8.623499	45.078842	
32.664089	3.192061	


8.078991	18.266905	
9.673507	48.256126	
26.286032	39.206596	
8.642494	45.041840	
32.673088	3.169061	


8.085991	18.277905	
9.682511	48.240128	
26.324032	39.237595	
8.661489	45.004837	
32.682087	3.146061	


8.092991	18.288904	
9.691516	48.224129	
26.362032	39.268593	
8.680485	44.967834	
32.691086	3.123061	


8.099991	18.299904	
9.700521	48.208130	
26.400032	39.299591	
8.699480	44.930832	
32.700085	3.100061	


8.106991	18.310904	
9.709525	48.192131	
26.438032	39.330589	
8.718475	44.893829	
32.709084	3.077061	


8.113991	18.321903	
9.718530	48.176132	
26.476032	39.361588	
8.737471	44.856827	
32.718082	3.054061	


8.120991	18.332903	
9.727534	48.160133	
26.514032	39.392586	
8.756466	44.819824	
32.727081	3.031061	


8.127991	18.343903	
9.736539	48.144135	
26.552032	39.423584	
8.775461	44.782822	
32.736080	3.008061	


8.134991	18.354902	
9.745543	48.128136	
26.590033	39.454582	
8.794456	44.745819	
32.745079	2.985061	


8.141991	18.365902	
9.754548	48.112137	
26.628033	39.485580	
8.813452	44.708817	
32.754078	2.962061	


8.148991	18.376902	
9.763553	48.096138	
26.666033	39.516579	
8.832447	44.671814	
32.763077	2.939061	


8.155991	18.387901	
9.772557	48.080139	
26.704033	39.547577	
8.851442	44.634811	
32.772076	2.916061	


8.162991	18.398901	
9.781562	48.064140	
26.742033	39.578575	
8.870438	44.597809	
32.781075	2.893061	


8.169991	18.409901	
9.790566	48.048141	
26.780033	39.609573	
8.889433	44.560806	
32.790073	2.870061	


8.176991	18.420900	
9.799571	48.032143	
26.818033	39.640572	
8.908428	44.523804	
32.799072	2.847061	


8.183990	18.431900	
9.808576	48.016144	
26.856033	39.671570	
8.927423	44.486801	
32.808071	2.824061	


8.190990	18.442900	
9.817580	48.000145	
26.894033	39.702568	
8.946419	44.449799	
32.817070	2.801061	


8.197990	18.453899	
9.826585	47.984146	
26.932034	39.733566	
8.965414	44.412796	
32.826069	2.778061	


8.204990	18.464899	
9.835589	47.968147	
26.970034	39.764565	
8.984409	44.375793	
32.835068	2.755061	


8.211990	18.475899	
9.844594	47.952148	
27.008034	39.795563	
9.003405	44.338791	
32.844067	2.732061	


8.218990	18.486898	
9.853599	47.936150	
27.046034	39.826561	
9.022400	44.301788	
32.853065	2.709061	


8.225990	18.497898	
9.862603	47.920151	
27.084034	39.857559	
9.041395	44.264786	
32.862064	2.686061	


8.232990	18.508898	
9.871608	47.904152	
27.122034	39.888557	
9.060390	44.227783	
32.871063	2.663061	


8.239990	18.519897	
9.880612	47.888153	
27.160034	39.919556	
9.079386	44.190781	
32.880062	2.640061	


8.246990	18.530897	
9.889617	47.872154	
27.198034	39.950554	
9.098381	44.153778	
32.889061	2.617061	


8.253990	18.541897	
9.898622	47.856155	
27.236034	39.981552	
9.117376	44.116776	
32.898060	2.594061	


8.260990	18.552896	
9.907626	47.840157	
27.274035	40.012550	
9.136372	44.079773	
32.907059	2.571061	


8.267990	18.563896	
9.916631	47.824158	
27.312035	40.043549	
9.155367	44.042770	
32.916058	2.548061	


8.274990	18.574896	
9.925635	47.808159	
27.350035	40.074547	
9.174362	44.005768	
32.925056	2.525061	


8.281990	18.585896	
9.934640	47.792160	
27.388035	40.105545	
9.193357	43.968765	
32.934055	2.502061	


8.288990	18.596895	
9.943645	47.776161	
27.426035	40.136543	
9.212353	43.931763	
32.943054	2.479061	


8.295990	18.607895	
9.952649	47.760162	
27.464035	40.167542	
9.231348	43.894760	
32.952053	2.456061	


8.302990	18.618895	
9.961654	47.744164	
27.502035	40.198540	
9.250343	43.857758	
32.961052	2.433061	


8.309990	18.629894	
9.970658	47.728165	
27.540035	40.229538	
9.269339	43.820755	
32.970051	2.410061	


8.316990	18.640894	
9.979663	47.712166	
27.578035	40.260536	
9.288334	43.783752	
32.979050	2.387061	


8.323990	18.651894	
9.988667	47.696167	
27.616035	40.291534	
9.307329	43.746750	
32.988049	2.364061	


8.330990	18.662893	
9.997672	47.680168	
27.654036	40.322533	
9.326324	43.709747	
32.997047	2.341061	


8.337990	18.673893	
10.006677	47.664169	
27.692036	40.353531	
9.345320	43.672745	
33.006046	2.318061	


8.344990	18.684893	
10.015681	47.648170	
27.730036	40.384529	
9.364315	43.635742	
33.015045	2.295061	


8.351990	18.695892	
10.024686	47.632172	
27.768036	40.415527	
9.383310	43.598740	
33.024044	2.272061	


8.358990	18.706892	
10.033690	47.616173	
27.806036	40.446526	
9.402306	43.561737	
33.033043	2.249061	


8.365990	18.717892	
10.042695	47.600174	
27.844036	40.477524	
9.421301	43.524734	
33.042042	2.226061	


8.372990	18.728891	
10.051700	47.584175	
27.882036	40.508522	
9.440296	43.487732	
33.051041	2.203061	


8.379990	18.739891	
10.060704	47.568176	
27.920036	40.539520	
9.459291	43.450729	
33.060040	2.180061	


8.386990	18.750891	
10.069709	47.552177	
27.958036	40.570518	
9.478287	43.413727	
33.069038	2.157061	


8.393990	18.761890	
10.078713	47.536179	
27.996037	40.601517	
9.497282	43.376724	
33.078037	2.134061	


8.400990	18.772890	
10.087718	47.520180	
28.034037	40.632515	
9.516277	43.339722	
33.087036	2.111061	


8.407990	18.783890	
10.096723	47.504181	
28.072037	40.663513	
9.535273	43.302719	
33.096035	2.088061	


8.414989	18.794889	
10.105727	47.488182	
28.110037	40.694511	
9.554268	43.265717	
33.105034	2.065061	


8.421989	18.805889	
10.114732	47.472183	
28.148037	40.725510	
9.573263	43.228714	
33.114033	2.042061	


8.428989	18.816889	
10.123736	47.456184	
28.186037	40.756508	
9.592258	43.191711	
33.123032	2.019061	


8.435989	18.827888	
10.132741	47.440186	
28.224037	40.787506	
9.611254	43.154709	
33.132030	1.996061	


8.442989	18.838888	
10.141746	47.424187	
28.262037	40.818504	
9.630249	43.117706	
33.141029	1.973061	


8.449989	18.849888	
10.150750	47.408188	
28.300037	40.849503	
9.649244	43.080704	
33.150028	1.950061	


8.456989	18.860888	
10.159755	47.392189	
28.338037	40.880501	
9.668240	43.043701	
33.159027	1.927061	


8.463989	18.871887	
10.168759	47.376190	
28.376038	40.911499	
9.687235	43.006699	
33.168026	1.904061	


8.470989	18.882887	
10.177764	47.360191	
28.414038	40.942497	
9.706230	42.969696	
33.177025	1.881061	


8.477989	18.893887	
10.186769	47.344193	
28.452038	40.973495	
9.725225	42.932693	
33.186024	1.858061	


8.484989	18.904886	
10.195773	47.328194	
28.490038	41.004494	
9.744221	42.895691	
33.195023	1.835061	


8.491989	18.915886	
10.204778	47.312195	
28.528038	41.035492	
9.763216	42.858688	
33.204021	1.812061	


8.498989	18.926886	
10.213782	47.296196	
28.566038	41.066490	
9.782211	42.821686	
33.213020	1.789061	


8.505989	18.937885	
10.222787	47.280197	
28.604038	41.097488	
9.801207	42.784683	
33.222019	1.766061	


8.512989	18.948885	
10.231791	47.264198	
28.642038	41.128487	
9.820202	42.747681	
33.231018	1.743061	


8.519989	18.959885	
10.240796	47.248199	
28.680038	41.159485	
9.839197	42.710678	
33.240017	1.720061	


8.526989	18.970884	
10.249801	47.232201	
28.718039	41.190483	
9.858192	42.673676	
33.249016	1.697061	


8.533989	18.981884	
10.258805	47.216202	
28.756039	41.221481	
9.877188	42.636673	
33.258015	1.674061	


8.540989	18.992884	
10.267810	47.200203	
28.794039	41.252480	
9.896183	42.599670	
33.267014	1.651061	


8.547989	19.003883	
10.276814	47.184204	
28.832039	41.283478	
9.915178	42.562668	
33.276012	1.628061	


8.554989	19.014883	
10.285819	47.168205	
28.870039	41.314476	
9.934174	42.525665	
33.285011	1.605061	


8.561989	19.025883	
10.294824	47.152206	
28.908039	41.345474	
9.953169	42.488663	
33.294010	1.582061	


8.568989	19.036882	
10.303828	47.136208	
28.946039	41.376472	
9.972164	42.451660	
33.303009	1.559061	


8.575989	19.047882	
10.312833	47.120209	
28.984039	41.407471	
9.991159	42.414658	
33.312008	1.536061	


8.582989	19.058882	
10.321837	47.104210	
29.022039	41.438469	
10.010155	42.377655	
33.321007	1.513061	


8.589989	19.069881	
10.330842	47.088211	
29.060040	41.469467	
10.029150	42.340652	
33.330006	1.490061	


8.596989	19.080881	
10.339847	47.072212	
29.098040	41.500465	
10.048145	42.303650	
33.339005	1.467061	


8.603989	19.091881	
10.348851	47.056213	
29.136040	41.531464	
10.067141	42.266647	
33.348003	1.444061	


8.610989	19.102880	
10.357856	47.040215	
29.174040	41.562462	
10.086136	42.229645	
33.357002	1.421061	


8.617989	19.113880	
10.366860	47.024216	
29.212040	41.593460	
10.105131	42.192642	
33.366001	1.398061	


8.624989	19.124880	
10.375865	47.008217	
29.250040	41.624458	
10.124126	42.155640	
33.375000	1.375061	


8.631989	19.135880	
10.384870	46.992218	
29.288040	41.655457	
10.143122	42.118637	
33.383999	1.352061	


8.638988	19.146879	
10.393874	46.976219	
29.326040	41.686455	
10.162117	42.081635	
33.392998	1.329061	


8.645988	19.157879	
10.402879	46.960220	
29.364040	41.717453	
10.181112	42.044632	
33.401997	1.306061	


8.652988	19.168879	
10.411883	46.944221	
29.402040	41.748451	
10.200108	42.007629	
33.410995	1.283061	


8.659988	19.179878	
10.420888	46.928223	
29.440041	41.779449	
10.219103	41.970627	
33.419994	1.260061	


8.666988	19.190878	
10.429893	46.912224	
29.478041	41.810448	
10.238098	41.933624	
33.428993	1.237061	


8.673988	19.201878	
10.438897	46.896225	
29.516041	41.841446	
10.257093	41.896622	
33.437992	1.214061	


8.680988	19.212877	
10.447902	46.880226	
29.554041	41.872444	
10.276089	41.859619	
33.446991	1.191061	


8.687988	19.223877	
10.456906	46.864227	
29.592041	41.903442	
10.295084	41.822617	
33.455990	1.168061	


8.694988	19.234877	
10.465911	46.848228	
29.630041	41.934441	
10.314079	41.785614	
33.464989	1.145061	


8.701988	19.245876	
10.474916	46.832230	
29.668041	41.965439	
10.333075	41.748611	
33.473988	1.122061	


8.708988	19.256876	
10.483920	46.816231	
29.706041	41.996437	
10.352070	41.711609	
33.482986	1.099061	


8.715988	19.267876	
10.492925	46.800232	
29.744041	42.027435	
10.371065	41.674606	
33.491985	1.076061	


8.722988	19.278875	
10.501929	46.784233	
29.782042	42.058434	
10.390060	41.637604	
33.500984	1.053061	


8.729988	19.289875	
10.510934	46.768234	
29.820042	42.089432	
10.409056	41.600601	
33.509983	1.030061	


8.736988	19.300875	
10.519938	46.752235	
29.858042	42.120430	
10.428051	41.563599	
33.518982	1.007061	


8.743988	19.311874	
10.528943	46.736237	
29.896042	42.151428	
10.447046	41.526596	
33.527981	0.984061	


8.750988	19.322874	
10.537948	46.720238	
29.934042	42.182426	
10.466042	41.489594	
33.536980	0.961061	


8.757988	19.333874	
10.546952	46.704239	
29.972042	42.213425	
10.485037	41.452591	
33.545979	0.938061	


8.764988	19.344873	
10.555957	46.688240	
30.010042	42.244423	
10.504032	41.415588	
33.554977	0.915061	


8.771988	19.355873	
10.564961	46.672241	
30.048042	42.275421	
10.523027	41.378586	
33.563976	0.892061	


8.778988	19.366873	
10.573966	46.656242	
30.086042	42.306419	
10.542023	41.341583	
33.572975	0.869061	


8.785988	19.377872	
10.582971	46.640244	
30.124043	42.337418	
10.561018	41.304581	
33.581974	0.846061	


8.792988	19.388872	
10.591975	46.624245	
30.162043	42.368416	
10.580013	41.267578	
33.590973	0.823061	


8.799988	19.399872	
10.600980	46.608246	
30.200043	42.399414	
10.599009	41.230576	
33.599972	0.800061	


8.806988	19.410872	
10.609984	46.592247	
30.238043	42.430412	
10.618004	41.193573	
33.608971	0.777061	


8.813988	19.421871	
10.618989	46.576248	
30.276043	42.461411	
10.636999	41.156570	
33.617970	0.754061	


8.820988	19.432871	
10.627994	46.560249	
30.314043	42.492409	
10.655994	41.119568	
33.626968	0.731061	


8.827988	19.443871	
10.636998	46.544250	
30.352043	42.523407	
10.674990	41.082565	
33.635967	0.708061	


8.834988	19.454870	
10.646003	46.528252	
30.390043	42.554405	
10.693985	41.045563	
33.644966	0.685061	


8.841988	19.465870	
10.655007	46.512253	
30.428043	42.585403	
10.712980	41.008560	
33.653965	0.662061	


8.848988	19.476870	
10.664012	46.496254	
30.466043	42.616402	
10.731976	40.971558	
33.662964	0.639061	


8.855988	19.487869	
10.673017	46.480255	
30.504044	42.647400	
10.750971	40.934555	
33.671963	0.616061	


8.862988	19.498869	
10.682021	46.464256	
30.542044	42.678398	
10.769966	40.897552	
33.680962	0.593061	


8.869987	19.509869	
10.691026	46.448257	
30.580044	42.709396	
10.788961	40.860550	
33.689960	0.570061	


8.876987	19.520868	
10.700030	46.432259	
30.618044	42.740395	
10.807957	40.823547	
33.698959	0.547061	


8.883987	19.531868	
10.709035	46.416260	
30.656044	42.771393	
10.826952	40.786545	
33.707958	0.524061	


8.890987	19.542868	
10.718040	46.400261	
30.694044	42.802391	
10.845947	40.749542	
33.716957	0.501061	


8.897987	19.553867	
10.727044	46.384262	
30.732044	42.833389	
10.864943	40.712540	
33.725956	0.478061	


8.904987	19.564867	
10.736049	46.368263	
30.770044	42.864388	
10.883938	40.675537	
33.734955	0.455061	


8.911987	19.575867	
10.745053	46.352264	
30.808044	42.895386	
10.902933	40.638535	
33.743954	0.432061	


8.918987	19.586866	
10.754058	46.336266	
30.846045	42.926384	
10.921928	40.601532	
33.752953	0.409061	


8.925987	19.597866	
10.763062	46.320267	
30.884045	42.957382	
10.940924	40.564529	
33.761951	0.386061	


8.932987	19.608866	
10.772067	46.304268	
30.922045	42.988380	
10.959919	40.527527	
33.770950	0.363061	


8.939987	19.619865	
10.781072	46.288269	
30.960045	43.019379	
10.978914	40.490524	
33.779949	0.340061	


8.946987	19.630865	
10.790076	46.272270	
30.998045	43.050377	
10.997910	40.453522	
33.788948	0.317061	


8.953987	19.641865	
10.799081	46.256271	
31.036045	43.081375	
11.016905	40.416519	
33.797947	0.294061	


8.960987	19.652864	
10.808085	46.240273	
31.074045	43.112373	
11.035900	40.379517	
33.806946	0.271061	


8.967987	19.663864	
10.817090	46.224274	
31.112045	43.143372	
11.054895	40.342514	
33.815945	0.248061	


8.974987	19.674864	
10.826095	46.208275	
31.150045	43.174370	
11.073891	40.305511	
33.824944	0.225061	


8.981987	19.685863	
10.835099	46.192276	
31.188046	43.205368	
11.092886	40.268509	
33.833942	0.202061	


8.988987	19.696863	
10.844104	46.176277	
31.226046	43.236366	
11.111881	40.231506	
33.842941	0.179061	


8.995987	19.707863	
10.853108	46.160278	
31.264046	43.267365	
11.130877	40.194504	
33.851940	0.156061	


9.002987	19.718863	
10.862113	46.144279	
31.302046	43.298363	
11.149872	40.157501	
33.860939	0.133061	


9.009987	19.729862	
10.871118	46.128281	
31.340046	43.329361	
11.168867	40.120499	
33.869938	0.110061	


9.016987	19.740862	
10.880122	46.112282	
31.378046	43.360359	
11.187862	40.083496	
33.878937	0.087061	


9.023987	19.751862	
10.889127	46.096283	
31.416046	43.391357	
11.206858	40.046494	
33.887936	0.064061	


9.030987	19.762861	
10.898131	46.080284	
31.454046	43.422356	
11.225853	40.009491	
33.896935	0.041061	


9.037987	19.773861	
10.907136	46.064285	
31.492046	43.453354	
11.244848	39.972488	
33.905933	0.018061	


9.044987	19.784861	
10.916141	46.048286	
31.530046	43.484352	
11.263844	39.935486	
33.914932	50.000000	


9.051987	19.795860	
10.925145	46.032288	
31.568047	43.515350	
11.282839	39.898483	
33.923931	49.977001	


9.058987	19.806860	
10.934150	46.016289	
31.606047	43.546349	
11.301834	39.861481	
33.932930	49.954002	


9.065987	19.817860	
10.943154	46.000290	
31.644047	43.577347	
11.320829	39.824478	
33.941929	49.931004	


9.072987	19.828859	
10.952159	45.984291	
31.682047	43.608345	
11.339825	39.787476	
33.950928	49.908005	


9.079987	19.839859	
10.961164	45.968292	
31.720047	43.639343	
11.358820	39.750473	
33.959927	49.885006	


9.086987	19.850859	
10.970168	45.952293	
31.758047	43.670341	
11.377815	39.713470	
33.968925	49.862007	


9.093987	19.861858	
10.979173	45.936295	
31.796047	43.701340	
11.396811	39.676468	
33.977924	49.839008	


9.100986	19.872858	
10.988177	45.920296	
31.834047	43.732338	
11.415806	39.639465	
33.986923	49.816010	


9.107986	19.883858	
10.997182	45.904297	
31.872047	43.763336	
11.434801	39.602463	
33.995922	49.793011	


9.114986	19.894857	
11.006186	45.888298	
31.910048	43.794334	
11.453796	39.565460	
34.004921	49.770012	


9.121986	19.905857	
11.015191	45.872299	
31.948048	43.825333	
11.472792	39.528458	
34.013920	49.747013	


9.128986	19.916857	
11.024196	45.856300	
31.986048	43.856331	
11.491787	39.491455	
34.022919	49.724014	


9.135986	19.927856	
11.033200	45.840302	
32.024048	43.887329	
11.510782	39.454453	
34.031918	49.701015	


9.142986	19.938856	
11.042205	45.824303	
32.062046	43.918327	
11.529778	39.417450	
34.040916	49.678017	


9.149986	19.949856	
11.051209	45.808304	
32.100044	43.949326	
11.548773	39.380447	
34.049915	49.655018	


9.156986	19.960855	
11.060214	45.792305	
32.138042	43.980324	
11.567768	39.343445	
34.058914	49.632019	


9.163986	19.971855	
11.069219	45.776306	
32.176041	44.011322	
11.586763	39.306442	
34.067913	49.609020	


9.170986	19.982855	
11.078223	45.760307	
32.214039	44.042320	
11.605759	39.269440	
34.076912	49.586021	


9.177986	19.993855	
11.087228	45.744308	
32.252037	44.073318	
11.624754	39.232437	
34.085911	49.563023	


9.184986	20.004854	
11.096232	45.728310	
32.290035	44.104317	
11.643749	39.195435	
34.094910	49.540024	


9.191986	20.015854	
11.105237	45.712311	
32.328033	44.135315	
11.662745	39.158432	
34.103909	49.517025	


9.198986	20.026854	
11.114242	45.696312	
32.366032	44.166313	
11.681740	39.121429	
34.112907	49.494026	


9.205986	20.037853	
11.123246	45.680313	
32.404030	44.197311	
11.700735	39.084427	
34.121906	49.471027	


9.212986	20.048853	
11.132251	45.664314	
32.442028	44.228310	
11.719730	39.047424	
34.130905	49.448029	


9.219986	20.059853	
11.141255	45.648315	
32.480026	44.259308	
11.738726	39.010422	
34.139904	49.425030	


9.226986	20.070852	
11.150260	45.632317	
32.518024	44.290306	
11.757721	38.973419	
34.148903	49.402031	


9.233986	20.081852	
11.159265	45.616318	
32.556023	44.321304	
11.776716	38.936417	
34.157902	49.379032	


9.240986	20.092852	
11.168269	45.600319	
32.594021	44.352303	
11.795712	38.899414	
34.166901	49.356033	


9.247986	20.103851	
11.177274	45.584320	
32.632019	44.383301	
11.814707	38.862411	
34.175900	49.333035	


9.254986	20.114851	
11.186278	45.568321	
32.670017	44.414299	
11.833702	38.825409	
34.184898	49.310036	


9.261986	20.125851	
11.195283	45.552322	
32.708015	44.445297	
11.852697	38.788406	
34.193897	49.287037	


9.268986	20.136850	
11.204288	45.536324	
32.746014	44.476295	
11.871693	38.751404	
34.202896	49.264038	


9.275986	20.147850	
11.213292	45.520325	
32.784012	44.507294	
11.890688	38.714401	
34.211895	49.241039	


9.282986	20.158850	
11.222297	45.504326	
32.822010	44.538292	
11.909683	38.677399	
34.220894	49.218040	


9.289986	20.169849	
11.231301	45.488327	
32.860008	44.569290	
11.928679	38.640396	
34.229893	49.195042	


9.296986	20.180849	
11.240306	45.472328	
32.898006	44.600288	
11.947674	38.603394	
34.238892	49.172043	


9.303986	20.191849	
11.249310	45.456329	
32.936005	44.631287	
11.966669	38.566391	
34.247890	49.149044	


9.310986	20.202848	
11.258315	45.440331	
32.974003	44.662285	
11.985664	38.529388	
34.256889	49.126045	


9.317986	20.213848	
11.267320	45.424332	
33.012001	44.693283	
12.004660	38.492386	
34.265888	49.103046	


9.324986	20.224848	
11.276324	45.408333	
33.049999	44.724281	
12.023655	38.455383	
34.274887	49.080048	


9.331985	20.235847	
11.285329	45.392334	
33.087997	44.755280	
12.042650	38.418381	
34.283886	49.057049	


9.338985	20.246847	
11.294333	45.376335	
33.125996	44.786278	
12.061646	38.381378	
34.292885	49.034050	


9.345985	20.257847	
11.303338	45.360336	
33.163994	44.817276	
12.080641	38.344376	
34.301884	49.011051	


9.352985	20.268847	
11.312343	45.344337	
33.201992	44.848274	
12.099636	38.307373	
34.310883	48.988052	


9.359985	20.279846	
11.321347	45.328339	
33.239990	44.879272	
12.118631	38.270370	
34.319881	48.965054	


9.366985	20.290846	
11.330352	45.312340	
33.277988	44.910271	
12.137627	38.233368	
34.328880	48.942055	


9.373985	20.301846	
11.339356	45.296341	
33.315987	44.941269	
12.156622	38.196365	
34.337879	48.919056	


9.380985	20.312845	
11.348361	45.280342	
33.353985	44.972267	
12.175617	38.159363	
34.346878	48.896057	


9.387985	20.323845	
11.357366	45.264343	
33.391983	45.003265	
12.194613	38.122360	
34.355877	48.873058	


9.394985	20.334845	
11.366370	45.248344	
33.429981	45.034264	
12.213608	38.085358	
34.364876	48.850060	


9.401985	20.345844	
11.375375	45.232346	
33.467979	45.065262	
12.232603	38.048355	
34.373875	48.827061	


9.408985	20.356844	
11.384379	45.216347	
33.505978	45.096260	
12.251598	38.011353	
34.382874	48.804062	


9.415985	20.367844	
11.393384	45.200348	
33.543976	45.127258	
12.270594	37.974350	
34.391872	48.781063	


9.422985	20.378843	
11.402389	45.184349	
33.581974	45.158257	
12.289589	37.937347	
34.400871	48.758064	


9.429985	20.389843	
11.411393	45.168350	
33.619972	45.189255	
12.308584	37.900345	
34.409870	48.735065	


9.436985	20.400843	
11.420398	45.152351	
33.657970	45.220253	
12.327579	37.863342	
34.418869	48.712067	


9.443985	20.411842	
11.429402	45.136353	
33.695969	45.251251	
12.346575	37.826340	
34.427868	48.689068	


9.450985	20.422842	
11.438407	45.120354	
33.733967	45.282249	
12.365570	37.789337	
34.436867	48.666069	


9.457985	20.433842	
11.447412	45.104355	
33.771965	45.313248	
12.384565	37.752335	
34.445866	48.643070	


9.464985	20.444841	
11.456416	45.088356	
33.809963	45.344246	
12.403561	37.715332	
34.454865	48.620071	


9.471985	20.455841	
11.465421	45.072357	
33.847961	45.375244	
12.422556	37.678329	
34.463863	48.597073	


9.478985	20.466841	
11.474425	45.056358	
33.885960	45.406242	
12.441551	37.641327	
34.472862	48.574074	


9.485985	20.477840	
11.483430	45.040359	
33.923958	45.437241	
12.460546	37.604324	
34.481861	48.551075	


9.492985	20.488840	
11.492435	45.024361	
33.961956	45.468239	
12.479542	37.567322	
34.490860	48.528076	


9.499985	20.499840	
11.501439	45.008362	
33.999954	45.499237	
12.498537	37.530319	
34.499859	48.505077	


