16757 36
16759 90
16762 540
16763 540
16766 10
16767 20
16768 4
16769 270
16771 135
16772 540
16774 54
16775 18
16777 180
16778 540
16781 270
16783 540
16784 90
16786 45
16787 540
16789 270
16792 540
16793 12
16796 270
16798 540
16799 54
16801 27
16802 180
16804 90
16807 108
16808 540
16811 90
16813 180
16814 270
16816 135
16817 540
16819 270
16822 60
16823 540
16825 27
16826 54
16828 540
16829 90
16831 45
16832 108
16834 270
16837 540
16838 180
16841 270
16843 108
16844 270
16846 135
16847 20
16848 20
16849 2
16850 54
16852 540
16853 540
16856 90
