0.000000	4.888655	-2.108782	6.997437
0.001000	4.888610	-2.090386	6.978996
0.002000	4.888595	-2.075232	6.963826
0.003000	4.888575	-2.063453	6.952027
0.004000	4.888556	-2.055152	6.943708
0.005000	4.888548	-2.050430	6.938977
0.006000	4.888549	-2.049399	6.937948
0.007000	4.888547	-2.052186	6.940733
0.008000	4.888558	-2.058892	6.947450
0.009000	4.888585	-2.069627	6.958212
0.010000	4.888614	-2.084516	6.973129
0.011000	4.888635	-2.103677	6.992311
0.012000	4.888669	-2.127189	7.015858
0.013000	4.888736	-2.155128	7.043865
0.014000	4.888770	-2.187648	7.076418
0.015000	4.888822	-2.224769	7.113591
0.016000	4.888883	-2.266565	7.155448
0.017000	4.888943	-2.313094	7.202036
0.018000	4.888990	-2.364401	7.253391
0.019000	4.889056	-2.420469	7.309525
0.020000	4.889107	-2.481331	7.370438
0.021000	4.889163	-2.546946	7.436110
0.022000	4.889218	-2.617277	7.506495
0.023000	4.889270	-2.692263	7.581533
0.024000	4.889303	-2.771835	7.661138
0.025000	4.889334	-2.855871	7.745205
0.026000	4.889370	-2.944234	7.833604
0.027000	4.889384	-3.036800	7.926185
0.028000	4.889393	-3.133383	8.022776
0.029000	4.889369	-3.233816	8.123184
0.030000	4.889337	-3.337863	8.227201
0.031000	4.889303	-3.445290	8.334594
0.032000	4.889247	-3.555868	8.445115
0.033000	4.889182	-3.669325	8.558507
0.034000	4.889065	-3.785424	8.674489
0.035000	4.888956	-3.903823	8.792779
0.036000	4.888826	-4.024252	8.913078
0.037000	4.888673	-4.146412	9.035086
0.038000	4.888510	-4.269982	9.158492
0.039000	4.888321	-4.394666	9.282987
0.040000	4.888104	-4.520154	9.408258
0.041000	4.887880	-4.646116	9.533996
0.042000	4.887623	-4.772268	9.659891
0.043000	4.887359	-4.898288	9.785646
0.044000	4.887074	-5.023891	9.910966
0.045000	4.886779	-5.148786	10.035564
0.046000	4.886456	-5.272715	10.159170
0.047000	4.886120	-5.395395	10.281515
0.048000	4.885776	-5.516579	10.402355
0.049000	4.885430	-5.636024	10.521454
0.050000	4.885065	-5.753524	10.638589
0.051000	4.884677	-5.868876	10.753553
0.052000	4.884296	-5.981866	10.866162
0.053000	4.883913	-6.092326	10.976238
0.054000	4.883533	-6.200093	11.083626
0.055000	4.883147	-6.305038	11.188186
0.056000	4.882729	-6.407059	11.289787
0.057000	4.882343	-6.505985	11.388328
0.058000	4.881953	-6.601758	11.483711
0.059000	4.881563	-6.694296	11.575859
0.060000	4.881175	-6.783535	11.664709
0.061000	4.880794	-6.869416	11.750210
0.062000	4.880391	-6.951933	11.832324
0.063000	4.880002	-7.031024	11.911026
0.064000	4.879621	-7.106685	11.986306
0.065000	4.879249	-7.178910	12.058159
0.066000	4.878881	-7.247715	12.126596
0.067000	4.878520	-7.313114	12.191634
0.068000	4.878160	-7.375143	12.253304
0.069000	4.877824	-7.433809	12.311633
0.070000	4.877482	-7.489187	12.366669
0.071000	4.877158	-7.541299	12.418457
0.072000	4.876842	-7.590213	12.467055
0.073000	4.876533	-7.635984	12.512517
0.074000	4.876241	-7.678674	12.554914
0.075000	4.875957	-7.718350	12.594307
0.076000	4.875676	-7.755096	12.630772
0.077000	4.875405	-7.788975	12.664380
0.078000	4.875151	-7.820061	12.695211
0.079000	4.874897	-7.848443	12.723340
0.080000	4.874663	-7.874185	12.748848
0.081000	4.874433	-7.897381	12.771814
0.082000	4.874213	-7.918108	12.792321
0.083000	4.874002	-7.936447	12.810449
0.084000	4.873801	-7.952482	12.826283
0.085000	4.873617	-7.966288	12.839905
0.086000	4.873432	-7.977959	12.851391
0.087000	4.873260	-7.987562	12.860822
0.088000	4.873096	-7.995186	12.868281
0.089000	4.872945	-8.000902	12.873847
0.090000	4.872797	-8.004795	12.877592
0.091000	4.872661	-8.006936	12.879597
0.092000	4.872532	-8.007402	12.879934
0.093000	4.872407	-8.006267	12.878674
0.094000	4.872291	-8.003600	12.875891
0.095000	4.872188	-7.999468	12.871655
0.096000	4.872087	-7.993942	12.866029
0.097000	4.871994	-7.987090	12.859084
0.098000	4.871907	-7.978976	12.850883
0.099000	4.871829	-7.969656	12.841485
0.100000	4.871753	-7.959198	12.830952
0.101000	4.871685	-7.947656	12.819341
0.102000	4.871624	-7.935090	12.806714
0.103000	4.871571	-7.921548	12.793119
0.104000	4.871515	-7.907093	12.778608
0.105000	4.871470	-7.891767	12.763237
0.106000	4.871430	-7.875625	12.747055
0.107000	4.871394	-7.858710	12.730104
0.108000	4.871360	-7.841072	12.712432
0.109000	4.871336	-7.822747	12.694083
0.110000	4.871313	-7.803787	12.675099
0.111000	4.871291	-7.784229	12.655519
0.112000	4.871279	-7.764103	12.635382
0.113000	4.871267	-7.743457	12.614724
0.114000	4.871262	-7.722323	12.593585
0.115000	4.871258	-7.700736	12.571994
0.116000	4.871259	-7.678722	12.549981
0.117000	4.871260	-7.656323	12.527583
0.118000	4.871265	-7.633561	12.504826
0.119000	4.871277	-7.610461	12.481738
0.120000	4.871290	-7.587059	12.458348
0.121000	4.871305	-7.563375	12.434679
0.122000	4.871316	-7.539436	12.410752
0.123000	4.871341	-7.515257	12.386598
0.124000	4.871361	-7.490870	12.362231
0.125000	4.871387	-7.466290	12.337677
0.126000	4.871410	-7.441542	12.312952
0.127000	4.871439	-7.416635	12.288074
0.128000	4.871471	-7.391593	12.263063
0.129000	4.871504	-7.366428	12.237932
0.130000	4.871537	-7.341161	12.212698
0.131000	4.871572	-7.315803	12.187375
0.132000	4.871610	-7.290366	12.161976
0.133000	4.871648	-7.264866	12.136515
0.134000	4.871684	-7.239316	12.111000
0.135000	4.871726	-7.213719	12.085444
0.136000	4.871769	-7.188089	12.059858
0.137000	4.871814	-7.162435	12.034248
0.138000	4.871861	-7.136764	12.008624
0.139000	4.871902	-7.111088	11.982990
0.140000	4.871951	-7.085407	11.957358
0.141000	4.872001	-7.059731	11.931732
0.142000	4.872053	-7.034064	11.906116
0.143000	4.872098	-7.008417	11.880515
0.144000	4.872149	-6.982785	11.854935
0.145000	4.872197	-6.957177	11.829373
0.146000	4.872249	-6.931590	11.803839
0.147000	4.872301	-6.906033	11.778334
0.148000	4.872355	-6.880499	11.752854
0.149000	4.872404	-6.855000	11.727404
0.150000	4.872456	-6.829527	11.701983
0.151000	4.872507	-6.804085	11.676592
0.152000	4.872561	-6.778667	11.651228
0.153000	4.872611	-6.753280	11.625891
0.154000	4.872666	-6.727913	11.600579
0.155000	4.872718	-6.702572	11.575290
0.156000	4.872769	-6.677251	11.550020
0.157000	4.872820	-6.651945	11.524765
0.158000	4.872873	-6.626650	11.499523
0.159000	4.872921	-6.601367	11.474289
0.160000	4.872973	-6.576084	11.449058
0.161000	4.873024	-6.550800	11.423823
0.162000	4.873075	-6.525505	11.398581
0.163000	4.873125	-6.500199	11.373323
0.164000	4.873178	-6.474867	11.348045
0.165000	4.873226	-6.449514	11.322740
0.166000	4.873279	-6.424120	11.297400
0.167000	4.873325	-6.398691	11.272016
0.168000	4.873373	-6.373209	11.246582
0.169000	4.873419	-6.347670	11.221089
0.170000	4.873468	-6.322061	11.195529
0.171000	4.873515	-6.296378	11.169893
0.172000	4.873562	-6.270608	11.144170
0.173000	4.873609	-6.244743	11.118352
0.174000	4.873651	-6.218779	11.092429
0.175000	4.873692	-6.192699	11.066391
0.176000	4.873734	-6.166495	11.040229
0.177000	4.873756	-6.140175	11.013931
0.178000	4.873724	-6.113766	10.987490
0.179000	4.873660	-6.087228	10.960888
0.180000	4.873567	-6.060557	10.934124
0.181000	4.873469	-6.033710	10.907179
0.182000	4.873374	-6.006675	10.880050
0.183000	4.873278	-5.979441	10.852719
0.184000	4.873176	-5.952004	10.825180
0.185000	4.873074	-5.924348	10.797422
0.186000	4.872975	-5.896462	10.769438
0.187000	4.872872	-5.868339	10.741211
0.188000	4.872764	-5.839974	10.712738
0.189000	4.872657	-5.811349	10.684006
0.190000	4.872551	-5.782458	10.655009
0.191000	4.872444	-5.753292	10.625736
0.192000	4.872335	-5.723846	10.596181
0.193000	4.872226	-5.694110	10.566336
0.194000	4.872117	-5.664079	10.536196
0.195000	4.872005	-5.633748	10.505754
0.196000	4.871890	-5.603115	10.475005
0.197000	4.871753	-5.572191	10.443944
0.198000	4.871586	-5.540987	10.412573
0.199000	4.871417	-5.509467	10.380883
0.200000	4.871253	-5.477628	10.348881
0.201000	4.871084	-5.445478	10.316563
0.202000	4.870909	-5.413021	10.283930
0.203000	4.870739	-5.380250	10.250989
0.204000	4.870569	-5.347175	10.217744
0.205000	4.870393	-5.313808	10.184201
0.206000	4.870231	-5.280140	10.150372
0.207000	4.870063	-5.246197	10.116261
0.208000	4.869893	-5.211989	10.081882
0.209000	4.869730	-5.177524	10.047255
0.210000	4.869567	-5.142822	10.012389
0.211000	4.869399	-5.107905	9.977304
0.212000	4.869231	-5.072792	9.942023
0.213000	4.869067	-5.037499	9.906567
0.214000	4.868912	-5.002050	9.870962
0.215000	4.868743	-4.966490	9.835234
0.216000	4.868592	-4.930821	9.799414
0.217000	4.868437	-4.895094	9.763531
0.218000	4.868286	-4.859336	9.727622
0.219000	4.868127	-4.823595	9.691722
0.220000	4.867977	-4.787895	9.655871
0.221000	4.867832	-4.752279	9.620111
0.222000	4.867687	-4.716795	9.584482
0.223000	4.867545	-4.681487	9.549032
0.224000	4.867406	-4.646401	9.513807
0.225000	4.867259	-4.611597	9.478856
0.226000	4.867126	-4.577103	9.444229
0.227000	4.867007	-4.542974	9.409981
0.228000	4.866877	-4.509283	9.376160
0.229000	4.866758	-4.476068	9.342826
0.230000	4.866640	-4.443390	9.310030
0.231000	4.866529	-4.411303	9.277832
0.232000	4.866417	-4.379867	9.246284
0.233000	4.866303	-4.349142	9.215445
0.234000	4.866188	-4.319181	9.185369
0.235000	4.866082	-4.290032	9.156115
0.236000	4.865989	-4.261746	9.127735
0.237000	4.865888	-4.234395	9.100283
0.238000	4.865786	-4.208025	9.073811
0.239000	4.865704	-4.182665	9.048369
0.240000	4.865621	-4.158386	9.024007
0.241000	4.865545	-4.135222	9.000768
0.242000	4.865473	-4.113223	8.978696
0.243000	4.865398	-4.092433	8.957831
0.244000	4.865320	-4.072889	8.938210
0.245000	4.865252	-4.054612	8.919864
0.246000	4.865173	-4.037652	8.902825
0.247000	4.865106	-4.022010	8.887116
0.248000	4.865044	-4.007715	8.872759
0.249000	4.864984	-3.994786	8.859770
0.250000	4.864923	-3.983238	8.848161
0.251000	4.864857	-3.973082	8.837939
0.252000	4.864797	-3.964311	8.829108
0.253000	4.864748	-3.956916	8.821664
0.254000	4.864678	-3.950923	8.815601
0.255000	4.864612	-3.946296	8.810908
0.256000	4.864555	-3.943016	8.807571
0.257000	4.864496	-3.941071	8.805567
0.258000	4.864443	-3.940430	8.804873
0.259000	4.864377	-3.941080	8.805457
0.260000	4.864305	-3.942984	8.807288
0.261000	4.864236	-3.946095	8.810331
0.262000	4.864169	-3.950377	8.814546
0.263000	4.864105	-3.955781	8.819886
0.264000	4.864027	-3.962281	8.826308
0.265000	4.863944	-3.969818	8.833762
0.266000	4.863871	-3.978327	8.842197
0.267000	4.863783	-3.987780	8.851562
0.268000	4.863701	-3.998096	8.861797
0.269000	4.863617	-4.009234	8.872851
0.270000	4.863523	-4.021139	8.884662
0.271000	4.863424	-4.033752	8.897176
0.272000	4.863325	-4.047008	8.910333
0.273000	4.863224	-4.060849	8.924072
0.274000	4.863119	-4.075219	8.938337
0.275000	4.863010	-4.090060	8.953070
0.276000	4.862893	-4.105319	8.968212
0.277000	4.862772	-4.120935	8.983706
0.278000	4.862661	-4.136839	8.999500
0.279000	4.862537	-4.152999	9.015536
0.280000	4.862412	-4.169353	9.031765
0.281000	4.862288	-4.185845	9.048133
0.282000	4.862163	-4.202430	9.064592
0.283000	4.862043	-4.219053	9.081097
0.284000	4.861915	-4.235682	9.097597
0.285000	4.861785	-4.252270	9.114055
0.286000	4.861658	-4.268771	9.130429
0.287000	4.861529	-4.285151	9.146680
0.288000	4.861399	-4.301371	9.162769
0.289000	4.861267	-4.317399	9.178666
0.290000	4.861136	-4.333203	9.194339
0.291000	4.860995	-4.348758	9.209753
0.292000	4.860866	-4.364023	9.224889
0.293000	4.860737	-4.378978	9.239716
0.294000	4.860603	-4.393608	9.254211
0.295000	4.860466	-4.407891	9.268357
0.296000	4.860331	-4.421803	9.282134
0.297000	4.860196	-4.435328	9.295525
0.298000	4.860068	-4.448444	9.308513
0.299000	4.859937	-4.461152	9.321089
0.300000	4.859810	-4.473426	9.333237
0.301000	4.859682	-4.485271	9.344954
0.302000	4.859554	-4.496672	9.356226
0.303000	4.859430	-4.507621	9.367051
0.304000	4.859306	-4.518115	9.377421
0.305000	4.859181	-4.528151	9.387332
0.306000	4.859061	-4.537721	9.396782
0.307000	4.858942	-4.546828	9.405769
0.308000	4.858822	-4.555474	9.414296
0.309000	4.858705	-4.563655	9.422360
0.310000	4.858590	-4.571374	9.429964
0.311000	4.858477	-4.578632	9.437109
0.312000	4.858366	-4.585433	9.443799
0.313000	4.858251	-4.591783	9.450034
0.314000	4.858143	-4.597681	9.455824
0.315000	4.858034	-4.603136	9.461170
0.316000	4.857924	-4.608153	9.466078
0.317000	4.857821	-4.612731	9.470552
0.318000	4.857717	-4.616884	9.474601
0.319000	4.857614	-4.620615	9.478229
0.320000	4.857513	-4.623928	9.481441
0.321000	4.857416	-4.626831	9.484247
0.322000	4.857318	-4.629332	9.486650
0.323000	4.857222	-4.631436	9.488658
0.324000	4.857129	-4.633151	9.490279
0.325000	4.857036	-4.634482	9.491518
0.326000	4.856943	-4.635440	9.492383
0.327000	4.856854	-4.636027	9.492881
0.328000	4.856764	-4.636251	9.493015
0.329000	4.856677	-4.636119	9.492796
0.330000	4.856592	-4.635637	9.492229
0.331000	4.856505	-4.634812	9.491318
0.332000	4.856423	-4.633650	9.490073
0.333000	4.856340	-4.632154	9.488495
0.334000	4.856260	-4.630335	9.486595
0.335000	4.856179	-4.628194	9.484373
0.336000	4.856098	-4.625741	9.481838
0.337000	4.856021	-4.622975	9.478996
0.338000	4.855944	-4.619905	9.475849
0.339000	4.855867	-4.616534	9.472402
0.340000	4.855790	-4.612868	9.468658
0.341000	4.855717	-4.608909	9.464626
0.342000	4.855644	-4.604663	9.460307
0.343000	4.855572	-4.600132	9.455705
0.344000	4.855499	-4.595322	9.450821
0.345000	4.855426	-4.590233	9.445659
0.346000	4.855356	-4.584869	9.440226
0.347000	4.855287	-4.579233	9.434520
0.348000	4.855216	-4.573329	9.428545
0.349000	4.855146	-4.567158	9.422304
0.350000	4.855079	-4.560721	9.415800
0.351000	4.855011	-4.554022	9.409034
0.352000	4.854944	-4.547061	9.402005
0.353000	4.854878	-4.539842	9.394720
0.354000	4.854814	-4.532364	9.387177
0.355000	4.854747	-4.524631	9.379378
0.356000	4.854684	-4.516642	9.371325
0.357000	4.854620	-4.508399	9.363019
0.358000	4.854556	-4.499904	9.354460
0.359000	4.854493	-4.491157	9.345650
0.360000	4.854429	-4.482162	9.336591
0.361000	4.854368	-4.472914	9.327282
0.362000	4.854305	-4.463420	9.317725
0.363000	4.854243	-4.453679	9.307922
0.364000	4.854178	-4.443692	9.297871
0.365000	4.854121	-4.433457	9.287578
0.366000	4.854061	-4.422980	9.277041
0.367000	4.853998	-4.412262	9.266260
0.368000	4.853938	-4.401304	9.255241
0.369000	4.853878	-4.390103	9.243981
0.370000	4.853817	-4.378670	9.232487
0.371000	4.853761	-4.366998	9.220758
0.372000	4.853700	-4.355095	9.208796
0.373000	4.853642	-4.342964	9.196606
0.374000	4.853586	-4.330604	9.184190
0.375000	4.853528	-4.318021	9.171550
0.376000	4.853471	-4.305222	9.158692
0.377000	4.853415	-4.292203	9.145618
0.378000	4.853362	-4.278974	9.132336
0.379000	4.853310	-4.265538	9.118848
0.380000	4.853256	-4.251904	9.105160
0.381000	4.853202	-4.238077	9.091279
0.382000	4.853155	-4.224057	9.077212
0.383000	4.853103	-4.209864	9.062966
0.384000	4.853053	-4.195494	9.048547
0.385000	4.853002	-4.180963	9.033965
0.386000	4.852956	-4.166274	9.019230
0.387000	4.852907	-4.151443	9.004350
0.388000	4.852858	-4.136476	8.989333
0.389000	4.852812	-4.121386	8.974197
0.390000	4.852770	-4.106177	8.958947
0.391000	4.852727	-4.090872	8.943600
0.392000	4.852688	-4.075478	8.928165
0.393000	4.852647	-4.060010	8.912658
0.394000	4.852609	-4.044486	8.897095
0.395000	4.852573	-4.028915	8.881489
0.396000	4.852536	-4.013321	8.865857
0.397000	4.852499	-3.997714	8.850213
0.398000	4.852472	-3.982107	8.834579
0.399000	4.852440	-3.966530	8.818970
0.400000	4.852416	-3.950990	8.803406
0.401000	4.852396	-3.935509	8.787905
0.402000	4.852370	-3.920115	8.772486
0.403000	4.852345	-3.904824	8.757170
0.404000	4.852322	-3.889658	8.741980
0.405000	4.852304	-3.874629	8.726933
0.406000	4.852288	-3.859766	8.712054
0.407000	4.852271	-3.845093	8.697364
0.408000	4.852258	-3.830626	8.682884
0.409000	4.852250	-3.816386	8.668636
0.410000	4.852251	-3.802395	8.654646
0.411000	4.852237	-3.788696	8.640933
0.412000	4.852232	-3.775288	8.627521
0.413000	4.852229	-3.762201	8.614429
0.414000	4.852221	-3.749466	8.601686
0.415000	4.852221	-3.737087	8.589309
0.416000	4.852227	-3.725092	8.577319
0.417000	4.852227	-3.713512	8.565739
0.418000	4.852229	-3.702361	8.554590
0.419000	4.852238	-3.691653	8.543890
0.420000	4.852246	-3.681414	8.533661
0.421000	4.852257	-3.671662	8.523919
0.422000	4.852268	-3.662413	8.514682
0.423000	4.852282	-3.653684	8.505966
0.424000	4.852294	-3.645495	8.497789
0.425000	4.852310	-3.637853	8.490163
0.426000	4.852331	-3.630770	8.483101
0.427000	4.852355	-3.624261	8.476616
0.428000	4.852379	-3.618340	8.470718
0.429000	4.852401	-3.613017	8.465418
0.430000	4.852427	-3.608294	8.460721
0.431000	4.852450	-3.604185	8.456635
0.432000	4.852479	-3.600685	8.453164
0.433000	4.852499	-3.597812	8.450312
0.434000	4.852529	-3.595551	8.448079
0.435000	4.852554	-3.593913	8.446467
0.436000	4.852587	-3.592888	8.445475
0.437000	4.852606	-3.592492	8.445098
0.438000	4.852633	-3.592697	8.445331
0.439000	4.852654	-3.593516	8.446170
0.440000	4.852684	-3.594922	8.447606
0.441000	4.852708	-3.596921	8.449629
0.442000	4.852736	-3.599495	8.452230
0.443000	4.852761	-3.602635	8.455397
0.444000	4.852787	-3.606327	8.459114
0.445000	4.852809	-3.610560	8.463368
0.446000	4.852841	-3.615304	8.468145
0.447000	4.852869	-3.620556	8.473425
0.448000	4.852887	-3.626303	8.479190
0.449000	4.852912	-3.632510	8.485422
0.450000	4.852923	-3.639177	8.492101
0.451000	4.852946	-3.646259	8.499205
0.452000	4.852962	-3.653750	8.506713
0.453000	4.852980	-3.661621	8.514601
0.454000	4.852991	-3.669857	8.522848
0.455000	4.852999	-3.678433	8.531432
0.456000	4.853007	-3.687318	8.540325
0.457000	4.853016	-3.696490	8.549505
0.458000	4.853024	-3.705924	8.558948
0.459000	4.853029	-3.715600	8.568629
0.460000	4.853032	-3.725491	8.578524
0.461000	4.853035	-3.735573	8.588608
0.462000	4.853033	-3.745823	8.598856
0.463000	4.853027	-3.756216	8.609243
0.464000	4.853024	-3.766724	8.619747
0.465000	4.853023	-3.777321	8.630343
0.466000	4.853020	-3.787989	8.641008
0.467000	4.853011	-3.798706	8.651717
0.468000	4.853004	-3.809446	8.662450
0.469000	4.852993	-3.820191	8.673184
0.470000	4.852976	-3.830920	8.683896
0.471000	4.852966	-3.841601	8.694568
0.472000	4.852953	-3.852222	8.705175
0.473000	4.852942	-3.862761	8.715702
0.474000	4.852926	-3.873201	8.726127
0.475000	4.852904	-3.883526	8.736430
0.476000	4.852886	-3.893711	8.746597
0.477000	4.852867	-3.903742	8.756609
0.478000	4.852839	-3.913610	8.766449
0.479000	4.852818	-3.923285	8.776102
0.480000	4.852791	-3.932764	8.785555
0.481000	4.852765	-3.942023	8.794788
0.482000	4.852740	-3.951053	8.803793
0.483000	4.852712	-3.959841	8.812553
0.484000	4.852684	-3.968375	8.821059
0.485000	4.852658	-3.976641	8.829299
0.486000	4.852626	-3.984635	8.837261
0.487000	4.852595	-3.992338	8.844934
0.488000	4.852562	-3.999747	8.852309
0.489000	4.852527	-4.006848	8.859375
0.490000	4.852495	-4.013633	8.866128
0.491000	4.852461	-4.020095	8.872556
0.492000	4.852426	-4.026227	8.878654
0.493000	4.852393	-4.032020	8.884413
0.494000	4.852356	-4.037471	8.889827
0.495000	4.852323	-4.042569	8.894892
0.496000	4.852283	-4.047315	8.899597
0.497000	4.852247	-4.051696	8.903943
0.498000	4.852210	-4.055714	8.907924
0.499000	4.852171	-4.059361	8.911532
0.500000	4.852134	-4.062633	8.914767
0.501000	4.852095	-4.065527	8.917623
0.502000	4.852057	-4.068038	8.920095
0.503000	4.852021	-4.070164	8.922185
0.504000	4.851981	-4.071903	8.923884
0.505000	4.851942	-4.073252	8.925194
0.506000	4.851905	-4.074206	8.926111
0.507000	4.851866	-4.074766	8.926632
0.508000	4.851826	-4.074931	8.926757
0.509000	4.851788	-4.074694	8.926482
0.510000	4.851749	-4.074058	8.925807
0.511000	4.851707	-4.073021	8.924728
0.512000	4.851667	-4.071580	8.923247
0.513000	4.851626	-4.069735	8.921361
0.514000	4.851585	-4.067484	8.919069
0.515000	4.851543	-4.064827	8.916370
0.516000	4.851501	-4.061763	8.913263
0.517000	4.851459	-4.058291	8.909750
0.518000	4.851417	-4.054411	8.905828
0.519000	4.851375	-4.050122	8.901497
0.520000	4.851331	-4.045424	8.896755
0.521000	4.851289	-4.040317	8.891605
0.522000	4.851243	-4.034801	8.886045
0.523000	4.851201	-4.028875	8.880075
0.524000	4.851156	-4.022540	8.873696
0.525000	4.851111	-4.015796	8.866907
0.526000	4.851067	-4.008644	8.859711
0.527000	4.851022	-4.001083	8.852105
0.528000	4.850976	-3.993116	8.844092
0.529000	4.850930	-3.984743	8.835673
0.530000	4.850884	-3.975965	8.826849
0.531000	4.850838	-3.966783	8.817620
0.532000	4.850789	-3.957199	8.807988
0.533000	4.850741	-3.947215	8.797956
0.534000	4.850693	-3.936832	8.787525
0.535000	4.850648	-3.926050	8.776698
0.536000	4.850599	-3.914876	8.765475
0.537000	4.850550	-3.903311	8.753860
0.538000	4.850501	-3.891356	8.741858
0.539000	4.850454	-3.879016	8.729470
0.540000	4.850404	-3.866297	8.716701
0.541000	4.850357	-3.853196	8.703552
0.542000	4.850307	-3.839724	8.690031
0.543000	4.850259	-3.825882	8.676142
0.544000	4.850211	-3.811678	8.661889
0.545000	4.850162	-3.797117	8.647278
0.546000	4.850109	-3.782207	8.632316
0.547000	4.850060	-3.766948	8.617008
0.548000	4.850011	-3.751352	8.601363
0.549000	4.849963	-3.735425	8.585388
0.550000	4.849913	-3.719178	8.569091
0.551000	4.849864	-3.702615	8.552479
0.552000	4.849816	-3.685749	8.535565
0.553000	4.849764	-3.668592	8.518355
0.554000	4.849715	-3.651146	8.500861
0.555000	4.849668	-3.633427	8.483094
0.556000	4.849620	-3.615447	8.465067
0.557000	4.849572	-3.597219	8.446792
0.558000	4.849526	-3.578754	8.428280
0.559000	4.849480	-3.560066	8.409546
0.560000	4.849432	-3.541173	8.390605
0.561000	4.849385	-3.522085	8.371469
0.562000	4.849338	-3.502821	8.352159
0.563000	4.849294	-3.483392	8.332686
0.564000	4.849249	-3.463823	8.313072
0.565000	4.849208	-3.444124	8.293332
0.566000	4.849168	-3.424317	8.273485
0.567000	4.849127	-3.404423	8.253550
0.568000	4.849088	-3.384459	8.233546
0.569000	4.849050	-3.364446	8.213495
0.570000	4.849012	-3.344406	8.193418
0.571000	4.848973	-3.324361	8.173334
0.572000	4.848936	-3.304333	8.153269
0.573000	4.848902	-3.284340	8.133243
0.574000	4.848870	-3.264408	8.113278
0.575000	4.848837	-3.244564	8.093401
0.576000	4.848809	-3.224826	8.073635
0.577000	4.848778	-3.205225	8.054004
0.578000	4.848747	-3.185783	8.034531
0.579000	4.848716	-3.166529	8.015244
0.580000	4.848692	-3.147474	7.996166
0.581000	4.848667	-3.128656	7.977323
0.582000	4.848644	-3.110096	7.958740
0.583000	4.848621	-3.091822	7.940443
0.584000	4.848604	-3.073853	7.922457
0.585000	4.848586	-3.056223	7.904809
0.586000	4.848571	-3.038948	7.887519
0.587000	4.848553	-3.022064	7.870616
0.588000	4.848537	-3.005587	7.854124
0.589000	4.848521	-2.989544	7.838066
0.590000	4.848511	-2.973955	7.822466
0.591000	4.848441	-2.958903	7.807344
0.592000	4.848319	-2.944409	7.792728
0.593000	4.848197	-2.930438	7.778635
0.594000	4.848082	-2.917005	7.765087
0.595000	4.847967	-2.904135	7.752102
0.596000	4.847861	-2.891841	7.739702
0.597000	4.847753	-2.880150	7.727902
0.598000	4.847640	-2.869080	7.716720
0.599000	4.847528	-2.858641	7.706169
0.600000	4.847422	-2.848845	7.696267
0.601000	4.847324	-2.839701	7.687025
0.602000	4.847218	-2.831235	7.678453
0.603000	4.847120	-2.823444	7.670564
0.604000	4.847020	-2.816344	7.663363
0.605000	4.846917	-2.809945	7.656862
0.606000	4.846817	-2.804245	7.651062
0.607000	4.846726	-2.799246	7.645972
0.608000	4.846632	-2.794958	7.641590
0.609000	4.846535	-2.791386	7.637920
0.610000	4.846436	-2.788525	7.634960
0.611000	4.846346	-2.786363	7.632709
0.612000	4.846250	-2.784913	7.631163
0.613000	4.846154	-2.784162	7.630316
0.614000	4.846056	-2.784106	7.630162
0.615000	4.845968	-2.784725	7.630693
0.616000	4.845876	-2.786026	7.631902
0.617000	4.845783	-2.787990	7.633773
0.618000	4.845690	-2.790607	7.636296
0.619000	4.845597	-2.793860	7.639457
0.620000	4.845503	-2.797740	7.643243
0.621000	4.845407	-2.802229	7.647635
0.622000	4.845315	-2.807303	7.652618
0.623000	4.845221	-2.812954	7.658174
0.624000	4.845124	-2.819158	7.664281
0.625000	4.845030	-2.825892	7.670922
0.626000	4.844932	-2.833140	7.678072
0.627000	4.844836	-2.840877	7.685712
0.628000	4.844740	-2.849081	7.693821
0.629000	4.844648	-2.857724	7.702372
0.630000	4.844553	-2.866792	7.711345
0.631000	4.844459	-2.876255	7.720714
0.632000	4.844361	-2.886093	7.730454
0.633000	4.844261	-2.896281	7.740543
0.634000	4.844163	-2.906790	7.750954
0.635000	4.844063	-2.917601	7.761664
0.636000	4.843966	-2.928680	7.772647
0.637000	4.843867	-2.940011	7.783878
0.638000	4.843767	-2.951567	7.795335
0.639000	4.843666	-2.963323	7.806989
0.640000	4.843564	-2.975255	7.818819
0.641000	4.843464	-2.987336	7.830800
0.642000	4.843329	-2.999578	7.842907
0.643000	4.843176	-3.011945	7.855121
0.644000	4.843029	-3.024387	7.867416
0.645000	4.842877	-3.036893	7.879770
0.646000	4.842722	-3.049441	7.892163
0.647000	4.842572	-3.062002	7.904574
0.648000	4.842416	-3.074565	7.916981
0.649000	4.842261	-3.087105	7.929366
0.650000	4.842112	-3.099598	7.941710
0.651000	4.841959	-3.112034	7.953993
0.652000	4.841808	-3.124393	7.966201
0.653000	4.841659	-3.136656	7.978315
0.654000	4.841505	-3.148813	7.990318
0.655000	4.841356	-3.160841	8.002197
0.656000	4.841206	-3.172732	8.013938
0.657000	4.841060	-3.184468	8.025528
0.658000	4.840912	-3.196039	8.036951
0.659000	4.840763	-3.207434	8.048197
0.660000	4.840616	-3.218639	8.059256
0.661000	4.840468	-3.229647	8.070115
0.662000	4.840322	-3.240445	8.080767
0.663000	4.840178	-3.251024	8.091202
0.664000	4.840034	-3.261376	8.101411
0.665000	4.839891	-3.271498	8.111389
0.666000	4.839747	-3.281380	8.121127
0.667000	4.839608	-3.291013	8.130621
0.668000	4.839471	-3.300393	8.139864
0.669000	4.839336	-3.309516	8.148852
0.670000	4.839198	-3.318384	8.157582
0.671000	4.839063	-3.326986	8.166049
0.672000	4.838930	-3.335322	8.174252
0.673000	4.838798	-3.343388	8.182186
0.674000	4.838668	-3.351184	8.189852
0.675000	4.838540	-3.358708	8.197248
0.676000	4.838412	-3.365963	8.204374
0.677000	4.838284	-3.372943	8.211227
0.678000	4.838161	-3.379651	8.217812
0.679000	4.838037	-3.386089	8.224126
0.680000	4.837915	-3.392255	8.230170
0.681000	4.837796	-3.398153	8.235949
0.682000	4.837677	-3.403784	8.241461
0.683000	4.837557	-3.409151	8.246708
0.684000	4.837442	-3.414254	8.251697
0.685000	4.837328	-3.419098	8.256426
0.686000	4.837216	-3.423684	8.260900
0.687000	4.837109	-3.428015	8.265123
0.688000	4.837001	-3.432099	8.269099
0.689000	4.836894	-3.435936	8.272830
0.690000	4.836788	-3.439533	8.276320
0.691000	4.836684	-3.442891	8.279575
0.692000	4.836584	-3.446016	8.282599
0.693000	4.836483	-3.448912	8.285395
0.694000	4.836384	-3.451584	8.287969
0.695000	4.836287	-3.454037	8.290324
0.696000	4.836193	-3.456275	8.292468
0.697000	4.836097	-3.458305	8.294402
0.698000	4.835971	-3.460164	8.296135
0.699000	4.835797	-3.461872	8.297669
0.700000	4.835627	-3.463386	8.299012
0.701000	4.835456	-3.464711	8.300167
0.702000	4.835288	-3.465853	8.301141
0.703000	4.835123	-3.466815	8.301937
0.704000	4.834960	-3.467603	8.302563
0.705000	4.834798	-3.468224	8.303022
0.706000	4.834639	-3.468683	8.303322
0.707000	4.834482	-3.468984	8.303466
0.708000	4.834328	-3.469132	8.303460
0.709000	4.834174	-3.469136	8.303310
0.710000	4.834023	-3.468997	8.303020
0.711000	4.833874	-3.468724	8.302597
0.712000	4.833727	-3.468319	8.302046
0.713000	4.833580	-3.467788	8.301369
0.714000	4.833417	-3.467157	8.300574
0.715000	4.833256	-3.466410	8.299665
0.716000	4.833098	-3.465553	8.298651
0.717000	4.832941	-3.464589	8.297530
0.718000	4.832787	-3.463525	8.296312
0.719000	4.832634	-3.462368	8.295002
0.720000	4.832482	-3.461119	8.293601
0.721000	4.832334	-3.459784	8.292117
0.722000	4.832186	-3.458369	8.290554
0.723000	4.832041	-3.456876	8.288917
0.724000	4.831895	-3.455312	8.287207
0.725000	4.831752	-3.453680	8.285432
0.726000	4.831612	-3.451985	8.283597
0.727000	4.831473	-3.450230	8.281703
0.728000	4.831337	-3.448421	8.279757
0.729000	4.831199	-3.446562	8.277761
0.730000	4.831066	-3.444656	8.275722
0.731000	4.830933	-3.442707	8.273640
0.732000	4.830803	-3.440719	8.271523
0.733000	4.830673	-3.438698	8.269371
0.734000	4.830544	-3.436646	8.267190
0.735000	4.830417	-3.434565	8.264982
0.736000	4.830291	-3.432462	8.262753
0.737000	4.830170	-3.430337	8.260507
0.738000	4.830047	-3.428196	8.258243
0.739000	4.829926	-3.426041	8.255967
0.740000	4.829807	-3.423874	8.253681
0.741000	4.829690	-3.421701	8.251391
0.742000	4.829575	-3.419523	8.249098
0.743000	4.829460	-3.417345	8.246804
0.744000	4.829347	-3.415166	8.244514
0.745000	4.829236	-3.412993	8.242229
0.746000	4.829125	-3.410828	8.239953
0.747000	4.829017	-3.408671	8.237687
0.748000	4.828908	-3.406529	8.235436
0.749000	4.828802	-3.404399	8.233201
0.750000	4.828695	-3.402289	8.230984
0.751000	4.828592	-3.400196	8.228788
0.752000	4.828489	-3.398126	8.226615
0.753000	4.828388	-3.396080	8.224468
0.754000	4.828286	-3.394061	8.222347
0.755000	4.828188	-3.392069	8.220257
0.756000	4.828087	-3.390108	8.218195
0.757000	4.827991	-3.388177	8.216168
0.758000	4.827899	-3.386278	8.214177
0.759000	4.827804	-3.384417	8.212221
0.760000	4.827710	-3.382593	8.210303
0.761000	4.827618	-3.380807	8.208425
0.762000	4.827528	-3.379059	8.206587
0.763000	4.827436	-3.377354	8.204791
0.764000	4.827350	-3.375690	8.203039
0.765000	4.827262	-3.374069	8.201331
0.766000	4.827173	-3.372494	8.199668
0.767000	4.827087	-3.370965	8.198052
0.768000	4.827002	-3.369481	8.196483
0.769000	4.826918	-3.368044	8.194962
0.770000	4.826836	-3.366654	8.193490
0.771000	4.826753	-3.365314	8.192066
0.772000	4.826672	-3.364022	8.190694
0.773000	4.826592	-3.362780	8.189372
0.774000	4.826511	-3.361587	8.188098
0.775000	4.826433	-3.360442	8.186875
0.776000	4.826357	-3.359347	8.185704
0.777000	4.826281	-3.358302	8.184583
0.778000	4.826204	-3.357307	8.183512
0.779000	4.826130	-3.356361	8.182491
0.780000	4.826056	-3.355464	8.181520
0.781000	4.825982	-3.354615	8.180597
0.782000	4.825910	-3.353814	8.179724
0.783000	4.825837	-3.353060	8.178898
0.784000	4.825766	-3.352352	8.178118
0.785000	4.825697	-3.351687	8.177383
0.786000	4.825628	-3.351066	8.176694
0.787000	4.825559	-3.350489	8.176047
0.788000	4.825490	-3.349951	8.175441
0.789000	4.825422	-3.349452	8.174874
0.790000	4.825354	-3.348991	8.174345
0.791000	4.825287	-3.348565	8.173852
0.792000	4.825222	-3.348170	8.173392
0.793000	4.825091	-3.347872	8.172963
0.794000	4.824956	-3.347606	8.172562
0.795000	4.824822	-3.347364	8.172186
0.796000	4.824688	-3.347144	8.171832
0.797000	4.824556	-3.346941	8.171497
0.798000	4.824424	-3.346755	8.171179
0.799000	4.824290	-3.346580	8.170870
0.800000	4.824159	-3.346410	8.170569
0.801000	4.824028	-3.346242	8.170271
0.802000	4.823900	-3.346073	8.169972
0.803000	4.823769	-3.345898	8.169667
0.804000	4.823639	-3.345711	8.169350
0.805000	4.823509	-3.345507	8.169016
0.806000	4.823378	-3.345279	8.168657
0.807000	4.823250	-3.345021	8.168271
0.808000	4.823120	-3.344729	8.167850
0.809000	4.822993	-3.344392	8.167385
0.810000	4.822865	-3.344004	8.166870
0.811000	4.822737	-3.343562	8.166299
0.812000	4.822608	-3.343052	8.165661
0.813000	4.822482	-3.342467	8.164948
0.814000	4.822353	-3.341800	8.164153
0.815000	4.822224	-3.341042	8.163265
0.816000	4.822097	-3.340178	8.162275
0.817000	4.821969	-3.339204	8.161173
0.818000	4.821840	-3.338106	8.159945
0.819000	4.821710	-3.336873	8.158583
0.820000	4.821579	-3.335494	8.157073
0.821000	4.821449	-3.333954	8.155403
0.822000	4.821320	-3.332241	8.153561
0.823000	4.821187	-3.330344	8.151530
0.824000	4.821053	-3.328246	8.149299
0.825000	4.820918	-3.325932	8.146850
0.826000	4.820783	-3.323386	8.144169
0.827000	4.820648	-3.320593	8.141241
0.828000	4.820511	-3.317533	8.138044
0.829000	4.820373	-3.314193	8.134565
0.830000	4.820233	-3.310551	8.130784
0.831000	4.820092	-3.306589	8.126681
0.832000	4.819949	-3.302287	8.122236
0.833000	4.819805	-3.297625	8.117430
0.834000	4.819659	-3.292579	8.112238
0.835000	4.819510	-3.287128	8.106639
0.836000	4.819361	-3.281250	8.100611
0.837000	4.819209	-3.274920	8.094129
0.838000	4.819054	-3.268114	8.087168
0.839000	4.818897	-3.260805	8.079702
0.840000	4.818738	-3.252970	8.071708
0.841000	4.818574	-3.244581	8.063155
0.842000	4.818409	-3.235607	8.054016
0.843000	4.818242	-3.226023	8.044265
0.844000	4.818069	-3.215800	8.033869
0.845000	4.817895	-3.204907	8.022801
0.846000	4.817718	-3.193313	8.011031
0.847000	4.817536	-3.180990	7.998527
0.848000	4.817352	-3.167905	7.985257
0.849000	4.817163	-3.154027	7.971190
0.850000	4.816970	-3.139325	7.956295
0.851000	4.816775	-3.123765	7.940540
0.852000	4.816574	-3.107318	7.923892
0.853000	4.816370	-3.089950	7.906320
0.854000	4.816162	-3.071631	7.887793
0.855000	4.815949	-3.052327	7.868277
0.856000	4.815732	-3.032012	7.847743
0.857000	4.815510	-3.010651	7.826161
0.858000	4.815286	-2.988218	7.803504
0.859000	4.815055	-2.964686	7.779741
0.860000	4.814822	-2.940026	7.754848
0.861000	4.814586	-2.914215	7.728801
0.862000	4.814343	-2.887234	7.701577
0.863000	4.814096	-2.859060	7.673157
0.864000	4.813847	-2.829675	7.643522
0.865000	4.813594	-2.799068	7.612661
0.866000	4.813337	-2.767226	7.580563
0.867000	4.813077	-2.734142	7.547220
0.868000	4.812814	-2.699815	7.512630
0.869000	4.812546	-2.664250	7.476796
0.870000	4.812279	-2.627447	7.439726
0.871000	4.812007	-2.589425	7.401433
0.872000	4.811733	-2.550202	7.361935
0.873000	4.811460	-2.509799	7.321259
0.874000	4.811185	-2.468252	7.279437
0.875000	4.810913	-2.425598	7.236510
0.876000	4.810637	-2.381886	7.192523
0.877000	4.810369	-2.337165	7.147534
0.878000	4.810095	-2.291510	7.101605
0.879000	4.809824	-2.244986	7.054810
0.880000	4.809556	-2.197675	7.007231
0.881000	4.809293	-2.149664	6.958957
0.882000	4.809036	-2.101054	6.910090
0.883000	4.808778	-2.051961	6.860739
0.884000	4.808528	-2.002492	6.811020
0.885000	4.808288	-1.952775	6.761063
0.886000	4.808046	-1.902959	6.711005
0.887000	4.807812	-1.853178	6.660990
0.888000	4.807594	-1.803575	6.611169
0.889000	4.807383	-1.754320	6.561703
0.890000	4.807181	-1.705579	6.512761
0.891000	4.806987	-1.657526	6.464513
0.892000	4.806801	-1.610337	6.417138
0.893000	4.806626	-1.564188	6.370813
0.894000	4.806466	-1.519261	6.325727
0.895000	4.806315	-1.475746	6.282061
0.896000	4.806176	-1.433823	6.239999
0.897000	4.806042	-1.393682	6.199724
0.898000	4.805916	-1.355501	6.161417
0.899000	4.805815	-1.319434	6.125249
0.900000	4.805712	-1.285677	6.091389
0.901000	4.805629	-1.254366	6.059995
0.902000	4.805543	-1.225675	6.031219
0.903000	4.805464	-1.199732	6.005196
0.904000	4.805390	-1.176663	5.982053
0.905000	4.805325	-1.156576	5.961900
0.906000	4.805276	-1.139559	5.944835
0.907000	4.805223	-1.125711	5.930934
0.908000	4.805181	-1.115080	5.920261
0.909000	4.805132	-1.107728	5.912860
0.910000	4.805093	-1.103665	5.908758
0.911000	4.805038	-1.102920	5.907958
0.912000	4.804989	-1.105462	5.910451
0.913000	4.804932	-1.111272	5.916203
0.914000	4.804870	-1.120297	5.925167
0.915000	4.804806	-1.132470	5.937276
0.916000	4.804742	-1.147702	5.952444
0.917000	4.804664	-1.165908	5.970572
0.918000	4.804583	-1.186960	5.991543
0.919000	4.804491	-1.210740	6.015231
0.920000	4.804391	-1.237100	6.041492
0.921000	4.804281	-1.265896	6.070177
0.922000	4.804160	-1.296962	6.101121
0.923000	4.804026	-1.330133	6.134160
0.924000	4.803887	-1.365227	6.169114
0.925000	4.803733	-1.402074	6.205807
0.926000	4.803568	-1.440488	6.244056
0.927000	4.803399	-1.480277	6.283676
0.928000	4.803215	-1.521272	6.324487
0.929000	4.803020	-1.563283	6.366303
0.930000	4.802819	-1.606129	6.408948
0.931000	4.802606	-1.649639	6.452246
0.932000	4.802383	-1.693643	6.496027
0.933000	4.802161	-1.737967	6.540128
0.934000	4.801924	-1.782465	6.584390
0.935000	4.801687	-1.826977	6.628664
0.936000	4.801445	-1.871363	6.672809
0.937000	4.801197	-1.915494	6.716691
0.938000	4.800946	-1.959239	6.760185
0.939000	4.800693	-2.002486	6.803178
0.940000	4.800431	-2.045131	6.845562
0.941000	4.800175	-2.087065	6.887240
0.942000	4.799914	-2.128211	6.928125
0.943000	4.799655	-2.168483	6.968138
0.944000	4.799397	-2.207810	7.007208
0.945000	4.799138	-2.246136	7.045274
0.946000	4.798880	-2.283401	7.082281
0.947000	4.798625	-2.319562	7.118187
0.948000	4.798374	-2.354578	7.152952
0.949000	4.798123	-2.388422	7.186544
0.950000	4.797875	-2.421066	7.218942
0.951000	4.797635	-2.452489	7.250124
0.952000	4.797394	-2.482689	7.280083
0.953000	4.797158	-2.511649	7.308807
0.954000	4.796925	-2.539372	7.336297
0.955000	4.796700	-2.565857	7.362557
0.956000	4.796479	-2.591113	7.387592
0.957000	4.796262	-2.615151	7.411413
0.958000	4.796054	-2.637982	7.434036
0.959000	4.795848	-2.659627	7.455476
0.960000	4.795650	-2.680104	7.475753
0.961000	4.795455	-2.699435	7.494890
0.962000	4.795265	-2.717646	7.512911
0.963000	4.795082	-2.734759	7.529841
0.964000	4.794906	-2.750803	7.545710
0.965000	4.794734	-2.765807	7.560542
0.966000	4.794570	-2.779799	7.574369
0.967000	4.794409	-2.792812	7.587221
0.968000	4.794253	-2.804875	7.599128
0.969000	4.794104	-2.816020	7.610123
0.970000	4.793960	-2.826277	7.620236
0.971000	4.793819	-2.835679	7.629499
0.972000	4.793685	-2.844257	7.637942
0.973000	4.793554	-2.852043	7.645597
0.974000	4.793429	-2.859068	7.652497
0.975000	4.793307	-2.865363	7.658670
0.976000	4.793191	-2.870957	7.664148
0.977000	4.793079	-2.875880	7.668959
0.978000	4.792972	-2.880162	7.673134
0.979000	4.792867	-2.883833	7.676700
0.980000	4.792767	-2.886919	7.679686
0.981000	4.792671	-2.889447	7.682118
0.982000	4.792583	-2.891443	7.684025
0.983000	4.792493	-2.892937	7.685430
0.984000	4.792409	-2.893952	7.686361
0.985000	4.792328	-2.894511	7.686839
0.986000	4.792251	-2.894640	7.686890
0.987000	4.792175	-2.894361	7.686536
0.988000	4.792104	-2.893695	7.685799
0.989000	4.792037	-2.892664	7.684701
0.990000	4.791971	-2.891290	7.683261
0.991000	4.791909	-2.889591	7.681500
0.992000	4.791851	-2.887587	7.679438
0.993000	4.791794	-2.885296	7.677090
0.994000	4.791739	-2.882737	7.674476
0.995000	4.791689	-2.879925	7.671614
0.996000	4.791639	-2.876878	7.668518
0.997000	4.791592	-2.873612	7.665204
0.998000	4.791547	-2.870141	7.661688
0.999000	4.791504	-2.866478	7.657983
