32743 238
32744 186
32745 174
32746 7014
32747 1140
32748 2728
32749 16374
32750 130
32751 202
32752 44
32753 14034
32754 2652
32755 6550
32756 3870
32757 2670
32758 2480
32759 184
32760 12
32761 10860
32762 420
32763 1782
32764 2730
32765 6552
32766 42
32767 150
32768 2048
32769 330
32770 112
32771 32770
32772 35
32773 840
32774 468
32775 198
32776 48
32777 36
32778 202
32779 16389
32780 370
32781 1554
32782 102
32783 32782
32784 682
32785 3198
32786 1248
32787 1214
32788 390
32789 1171
32790 546
32791 990
32792 683
32793 856
